%
% Title: AUS$/US$ Exchange Rate
% Description: From Jan 4th, 1999 to Mar. 19th, 2004.
%
   6.1722513e-01
   6.2236064e-01
   6.2396387e-01
   6.2964166e-01
   6.3343475e-01
   6.3797287e-01
   6.3681592e-01
   6.3071966e-01
   6.3493707e-01
   6.3226017e-01
   6.3481303e-01
   6.3492758e-01
   6.4077724e-01
   6.3683892e-01
   6.3467764e-01
   6.3241797e-01
   6.2976456e-01
   6.2955278e-01
   6.2479466e-01
   6.2940233e-01
   6.3404541e-01
   6.3902824e-01
   6.4381850e-01
   6.4209566e-01
   6.5294322e-01
   6.5269878e-01
   6.4582858e-01
   6.4556890e-01
   6.4910771e-01
   6.4402314e-01
   6.4761136e-01
   6.3983512e-01
   6.3393612e-01
   6.3504269e-01
   6.3781282e-01
   6.3769798e-01
   6.3977836e-01
   6.3194961e-01
   6.2797450e-01
   6.1832875e-01
   6.1837217e-01
   6.2239881e-01
   6.2444139e-01
   6.2112724e-01
   6.2519476e-01
   6.2877565e-01
   6.3433577e-01
   6.3543540e-01
   6.3526598e-01
   6.3384937e-01
   6.3197691e-01
   6.2775698e-01
   6.2655696e-01
   6.3077099e-01
   6.3034188e-01
   6.3258414e-01
   6.3928655e-01
   6.3928864e-01
   6.3723541e-01
   6.3625132e-01
   6.3251301e-01
   6.2994766e-01
   6.2966002e-01
   6.3634216e-01
   6.3394539e-01
   6.3411182e-01
   6.2861162e-01
   6.2812990e-01
   6.2445163e-01
   6.2801538e-01
   6.3527417e-01
   6.3622931e-01
   6.3881322e-01
   6.3518050e-01
   6.4517690e-01
   6.5151608e-01
   6.5017711e-01
   6.4750138e-01
   6.4652328e-01
   6.5411823e-01
   6.4921402e-01
   6.4702660e-01
   6.5339378e-01
   6.5769398e-01
   6.5909939e-01
   6.6235066e-01
   6.6041510e-01
   6.5870075e-01
   6.7045384e-01
   6.6902369e-01
   6.7043467e-01
   6.7201002e-01
   6.6693816e-01
   6.6842867e-01
   6.6512990e-01
   6.6296457e-01
   6.7249623e-01
   6.6251324e-01
   6.6150594e-01
   6.6465485e-01
   6.5733093e-01
   6.5867113e-01
   6.5010799e-01
   6.5223890e-01
   6.5305995e-01
   6.5049148e-01
   6.4459134e-01
   6.4584759e-01
   6.4556647e-01
   6.5132285e-01
   6.6039306e-01
   6.6011950e-01
   6.6337073e-01
   6.6148794e-01
   6.6307926e-01
   6.6203616e-01
   6.6043851e-01
   6.5665863e-01
   6.5901848e-01
   6.5304583e-01
   6.5420147e-01
   6.5078564e-01
   6.5523615e-01
   6.5856304e-01
   6.6321605e-01
   6.5825993e-01
   6.5698891e-01
   6.6213617e-01
   6.6927491e-01
   6.6729654e-01
   6.6571243e-01
   6.6917638e-01
   6.6303431e-01
   6.6366836e-01
   6.6740794e-01
   6.6187238e-01
   6.6162043e-01
   6.5983128e-01
   6.6090055e-01
   6.5993919e-01
   6.5720948e-01
   6.5213306e-01
   6.4441022e-01
   6.4812643e-01
   6.4890263e-01
   6.4903234e-01
   6.4484223e-01
   6.4397206e-01
   6.4904284e-01
   6.5187443e-01
   6.4868317e-01
   6.5334806e-01
   6.5897122e-01
   6.5602772e-01
   6.5253053e-01
   6.5079944e-01
   6.5167516e-01
   6.4839239e-01
   6.4905430e-01
   6.5110175e-01
   6.5206377e-01
   6.4813447e-01
   6.4320225e-01
   6.3546828e-01
   6.3634194e-01
   6.3741811e-01
   6.3852275e-01
   6.3184351e-01
   6.3196082e-01
   6.3379427e-01
   6.3353736e-01
   6.3831200e-01
   6.3745570e-01
   6.4391835e-01
   6.4520416e-01
   6.4416879e-01
   6.4452172e-01
   6.4911315e-01
   6.5053433e-01
   6.5163528e-01
   6.5576057e-01
   6.5474536e-01
   6.4867063e-01
   6.4711754e-01
   6.4928496e-01
   6.4361702e-01
   6.4589940e-01
   6.5147852e-01
   6.4686182e-01
   6.5064282e-01
   6.5426902e-01
   6.5217121e-01
   6.5637234e-01
   6.5050320e-01
   6.5787699e-01
   6.5926564e-01
   6.6566997e-01
   6.6077912e-01
   6.6073408e-01
   6.5735258e-01
   6.5397392e-01
   6.5524231e-01
   6.5739555e-01
   6.5089545e-01
   6.4816030e-01
   6.4395331e-01
   6.4677747e-01
   6.4831859e-01
   6.4920931e-01
   6.5113182e-01
   6.5064864e-01
   6.5309256e-01
   6.4629142e-01
   6.4337629e-01
   6.3889738e-01
   6.3863719e-01
   6.4094431e-01
   6.4425203e-01
   6.3664465e-01
   6.3622471e-01
   6.3983520e-01
   6.3669680e-01
   6.4016247e-01
   6.4214749e-01
   6.4340553e-01
   6.4425543e-01
   6.4294601e-01
   6.4246914e-01
   6.3955638e-01
   6.3924129e-01
   6.3837296e-01
   6.3696431e-01
   6.3262526e-01
   6.3387638e-01
   6.3708609e-01
   6.3746204e-01
   6.3431336e-01
   6.3709830e-01
   6.3479139e-01
   6.3098538e-01
   6.3364242e-01
   6.3687255e-01
   6.3732022e-01
   6.3989686e-01
   6.3492362e-01
   6.3602110e-01
   6.3551757e-01
   6.3508461e-01
   6.3956127e-01
   6.4415188e-01
   6.4252530e-01
   6.4290724e-01
   6.4527287e-01
   6.4359530e-01
   6.4267157e-01
   6.4346943e-01
   6.4396502e-01
   6.4846768e-01
   6.5140708e-01
   6.5140708e-01
   6.5750033e-01
   6.5733240e-01
   6.5732581e-01
   6.5630528e-01
   6.5345025e-01
   6.5625200e-01
   6.5474974e-01
   6.5853191e-01
   6.6511327e-01
   6.6690582e-01
   6.6355509e-01
   6.6305348e-01
   6.6384181e-01
   6.6453695e-01
   6.6362143e-01
   6.5557372e-01
   6.5518822e-01
   6.5560790e-01
   6.5249526e-01
   6.4883384e-01
   6.3454310e-01
   6.3559599e-01
   6.3622078e-01
   6.3372773e-01
   6.3166346e-01
   6.3999738e-01
   6.3342715e-01
   6.3597951e-01
   6.3309168e-01
   6.3126369e-01
   6.3104375e-01
   6.2691543e-01
   6.3125362e-01
   6.3396395e-01
   6.3076726e-01
   6.2715531e-01
   6.2731597e-01
   6.2052388e-01
   6.1604531e-01
   6.1974233e-01
   6.1355824e-01
   6.1500475e-01
   6.0532248e-01
   6.0964142e-01
   6.0698800e-01
   6.0401003e-01
   6.0413124e-01
   6.0702245e-01
   6.1240606e-01
   6.1393537e-01
   6.1419812e-01
   6.1544367e-01
   6.1301392e-01
   6.1340697e-01
   6.0902966e-01
   6.0574885e-01
   6.0901500e-01
   6.0713157e-01
   6.0470942e-01
   6.0699781e-01
   6.1398407e-01
   6.1363781e-01
   6.0807118e-01
   6.1206841e-01
   6.0419961e-01
   6.0758529e-01
   6.0332722e-01
   6.0630563e-01
   6.0299461e-01
   5.9614785e-01
   5.9843994e-01
   5.9593764e-01
   5.9559647e-01
   5.9920834e-01
   5.9628727e-01
   5.9209550e-01
   5.9334000e-01
   5.9728535e-01
   5.9360557e-01
   5.9487114e-01
   5.8899282e-01
   5.8831461e-01
   5.8416924e-01
   5.8593650e-01
   5.8808393e-01
   5.9036622e-01
   5.9276854e-01
   5.8786446e-01
   5.7754905e-01
   5.8333333e-01
   5.7589597e-01
   5.7744948e-01
   5.7398343e-01
   5.7519036e-01
   5.6744896e-01
   5.6666667e-01
   5.7000642e-01
   5.7084866e-01
   5.7664557e-01
   5.7191350e-01
   5.6805819e-01
   5.7136608e-01
   5.7385378e-01
   5.7735965e-01
   5.7249231e-01
   5.7218202e-01
   5.7410249e-01
   5.8358080e-01
   5.8236630e-01
   5.8902589e-01
   5.9258351e-01
   5.8594715e-01
   5.8946913e-01
   5.9614308e-01
   6.0240060e-01
   6.0069379e-01
   6.0830577e-01
   6.0167270e-01
   6.0420626e-01
   6.0001267e-01
   5.9961747e-01
   5.9621231e-01
   5.9456875e-01
   6.0070288e-01
   6.0098302e-01
   6.0423422e-01
   6.0123317e-01
   5.9930556e-01
   5.9775692e-01
   5.9405756e-01
   5.9028766e-01
   5.8791073e-01
   5.9370324e-01
   5.8925037e-01
   5.9073383e-01
   5.9051289e-01
   5.8436523e-01
   5.8439043e-01
   5.8365055e-01
   5.7889447e-01
   5.7802019e-01
   5.8720602e-01
   5.8673373e-01
   5.8549029e-01
   5.9023194e-01
   5.9057743e-01
   5.8887760e-01
   5.7819342e-01
   5.8026934e-01
   5.8225591e-01
   5.8282763e-01
   5.8200683e-01
   5.8598890e-01
   5.8681974e-01
   5.7879120e-01
   5.7946744e-01
   5.8158196e-01
   5.7855538e-01
   5.8422503e-01
   5.8729850e-01
   5.9154747e-01
   5.9220088e-01
   5.8916095e-01
   5.8533403e-01
   5.6951274e-01
   5.7248126e-01
   5.7345369e-01
   5.7249094e-01
   5.7174745e-01
   5.7087018e-01
   5.7284364e-01
   5.7306553e-01
   5.7574207e-01
   5.7185147e-01
   5.6507530e-01
   5.5437700e-01
   5.5950551e-01
   5.5830091e-01
   5.5833549e-01
   5.5428169e-01
   5.5246266e-01
   5.5012771e-01
   5.4333418e-01
   5.4276817e-01
   5.4177053e-01
   5.3949367e-01
   5.5736677e-01
   5.4512680e-01
   5.4758629e-01
   5.4866873e-01
   5.4949294e-01
   5.4171817e-01
   5.4336687e-01
   5.4176198e-01
   5.3680133e-01
   5.3885311e-01
   5.3366446e-01
   5.3425499e-01
   5.3225511e-01
   5.3694581e-01
   5.3081267e-01
   5.3115380e-01
   5.2556502e-01
   5.1941065e-01
   5.2156623e-01
   5.1804632e-01
   5.2964031e-01
   5.3059286e-01
   5.2868491e-01
   5.1990237e-01
   5.1694544e-01
   5.1992505e-01
   5.2634192e-01
   5.1395249e-01
   5.2346858e-01
   5.2783883e-01
   5.2845036e-01
   5.2767123e-01
   5.2680982e-01
   5.2849645e-01
   5.2479085e-01
   5.2589134e-01
   5.2002896e-01
   5.2027641e-01
   5.2046500e-01
   5.2002670e-01
   5.2036337e-01
   5.1333535e-01
   5.1088202e-01
   5.1915496e-01
   5.1951174e-01
   5.2306548e-01
   5.2017327e-01
   5.2761001e-01
   5.2462397e-01
   5.2468129e-01
   5.3582383e-01
   5.4516524e-01
   5.4088900e-01
   5.4554443e-01
   5.4925685e-01
   5.4620817e-01
   5.4181796e-01
   5.4209877e-01
   5.4026680e-01
   5.4207040e-01
   5.4584118e-01
   5.4309770e-01
   5.4055859e-01
   5.4869776e-01
   5.5162847e-01
   5.5632488e-01
   5.5611971e-01
   5.5432836e-01
   5.5485987e-01
   5.5939448e-01
   5.6340526e-01
   5.6448821e-01
   5.7039560e-01
   5.6715437e-01
   5.6068468e-01
   5.5867514e-01
   5.5853372e-01
   5.6137152e-01
   5.5302675e-01
   5.5600189e-01
   5.5680000e-01
   5.5546367e-01
   5.5895820e-01
   5.5245005e-01
   5.5514901e-01
   5.5029901e-01
   5.4385443e-01
   5.4145397e-01
   5.4316100e-01
   5.4478142e-01
   5.4555595e-01
   5.5453366e-01
   5.5469072e-01
   5.5255907e-01
   5.4819171e-01
   5.4756312e-01
   5.4299176e-01
   5.3739080e-01
   5.3734452e-01
   5.3761883e-01
   5.2972411e-01
   5.2446342e-01
   5.2789202e-01
   5.2933065e-01
   5.2379302e-01
   5.2678263e-01
   5.2223055e-01
   5.2211982e-01
   5.2514708e-01
   5.2576314e-01
   5.2674147e-01
   5.2802780e-01
   5.2764159e-01
   5.2240063e-01
   5.1829302e-01
   5.1314991e-01
   5.0826920e-01
   5.1220714e-01
   5.0797129e-01
   5.0303395e-01
   4.9940172e-01
   4.9387021e-01
   4.9398189e-01
   5.0089087e-01
   4.9842515e-01
   4.9786786e-01
   4.9040053e-01
   4.9246564e-01
   4.9432918e-01
   4.9747152e-01
   4.9444723e-01
   4.9272616e-01
   4.8639718e-01
   4.8290669e-01
   4.8322771e-01
   4.8692652e-01
   4.9128540e-01
   4.9150586e-01
   4.9419114e-01
   4.9521121e-01
   5.0127587e-01
   5.0783357e-01
   5.0511377e-01
   4.9660557e-01
   5.0665825e-01
   5.1551299e-01
   5.0590087e-01
   5.0345060e-01
   5.0405634e-01
   5.0786048e-01
   5.1176904e-01
   5.0789654e-01
   5.0789654e-01
   5.1911645e-01
   5.2131397e-01
   5.2101183e-01
   5.1854651e-01
   5.1996950e-01
   5.2082842e-01
   5.2295692e-01
   5.2401147e-01
   5.1724138e-01
   5.1692017e-01
   5.2204231e-01
   5.2822387e-01
   5.2597831e-01
   5.2814480e-01
   5.2341349e-01
   5.1794872e-01
   5.1480883e-01
   5.2114043e-01
   5.2008482e-01
   5.1493256e-01
   5.1328495e-01
   5.0696479e-01
   5.0888355e-01
   5.0991315e-01
   5.0764618e-01
   5.1497981e-01
   5.1700763e-01
   5.2313585e-01
   5.2571641e-01
   5.2512859e-01
   5.2660132e-01
   5.2380952e-01
   5.2733471e-01
   5.2183167e-01
   5.2277167e-01
   5.1782238e-01
   5.1704958e-01
   5.1653543e-01
   5.1755863e-01
   5.1807954e-01
   5.1980467e-01
   5.1163210e-01
   5.0672244e-01
   5.0896942e-01
   5.1738416e-01
   5.1916227e-01
   5.1770347e-01
   5.0573049e-01
   5.0580005e-01
   5.1045400e-01
   5.1128132e-01
   5.0440125e-01
   5.0763926e-01
   5.0998217e-01
   5.0657308e-01
   5.1083225e-01
   5.1520879e-01
   5.1288645e-01
   5.0727942e-01
   5.0769590e-01
   5.0642170e-01
   5.0835267e-01
   5.0614790e-01
   5.0542913e-01
   5.0659646e-01
   5.1297417e-01
   5.1843549e-01
   5.1739130e-01
   5.1627089e-01
   5.1515864e-01
   5.1516755e-01
   5.1666180e-01
   5.1557812e-01
   5.1884125e-01
   5.1599540e-01
   5.2709502e-01
   5.2678880e-01
   5.3376168e-01
   5.3362496e-01
   5.3348919e-01
   5.3850649e-01
   5.3230518e-01
   5.3015134e-01
   5.2753758e-01
   5.2686167e-01
   5.3028718e-01
   5.3066107e-01
   5.2921121e-01
   5.2667634e-01
   5.2242283e-01
   5.2055035e-01
   5.2082108e-01
   5.1949861e-01
   5.1304299e-01
   5.1360798e-01
   5.1525501e-01
   5.1456807e-01
   5.1664425e-01
   5.0156926e-01
   4.9624705e-01
   4.9147953e-01
   4.9386601e-01
   4.8421053e-01
   4.9200043e-01
   4.9306824e-01
   4.9631225e-01
   4.8575198e-01
   4.9571118e-01
   4.9228528e-01
   4.9344861e-01
   4.9878135e-01
   4.9803343e-01
   5.0704692e-01
   5.0709961e-01
   5.0380885e-01
   5.0228160e-01
   4.9975183e-01
   4.9972360e-01
   5.1389673e-01
   5.1312284e-01
   5.1179941e-01
   5.0850704e-01
   5.0632271e-01
   5.0752603e-01
   5.0870063e-01
   5.0809117e-01
   5.0612082e-01
   5.0154781e-01
   5.0496271e-01
   5.0875617e-01
   5.0395720e-01
   5.1161352e-01
   5.0694133e-01
   5.0727427e-01
   5.1293646e-01
   5.1552760e-01
   5.1462659e-01
   5.1478642e-01
   5.1957358e-01
   5.1889671e-01
   5.2227826e-01
   5.1945376e-01
   5.2358965e-01
   5.2128290e-01
   5.2086654e-01
   5.1766576e-01
   5.1617076e-01
   5.1704879e-01
   5.1849239e-01
   5.2216280e-01
   5.2100295e-01
   5.1894891e-01
   5.2117378e-01
   5.1880486e-01
   5.1674697e-01
   5.1486463e-01
   5.1752445e-01
   5.1672949e-01
   5.1426579e-01
   5.1417027e-01
   5.1859588e-01
   5.2056145e-01
   5.1822049e-01
   5.1832971e-01
   5.1638781e-01
   5.1434297e-01
   5.0760876e-01
   5.0671426e-01
   5.0799700e-01
   5.0753566e-01
   5.1001157e-01
   5.1001157e-01
   5.1343521e-01
   5.1575342e-01
   5.1817130e-01
   5.1833527e-01
   5.2068966e-01
   5.2261277e-01
   5.2504715e-01
   5.2100006e-01
   5.1813802e-01
   5.1884159e-01
   5.1453081e-01
   5.1461749e-01
   5.1433242e-01
   5.1780694e-01
   5.1895386e-01
   5.2054311e-01
   5.1643497e-01
   5.1550134e-01
   5.1429942e-01
   5.1425164e-01
   5.0614970e-01
   5.0877710e-01
   5.0977381e-01
   5.1057295e-01
   5.1097511e-01
   5.0764634e-01
   5.0755712e-01
   5.1036496e-01
   5.1303891e-01
   5.0859965e-01
   5.0791158e-01
   5.1547676e-01
   5.1713895e-01
   5.1751781e-01
   5.1645870e-01
   5.1724546e-01
   5.1537049e-01
   5.1528719e-01
   5.1332745e-01
   5.1400154e-01
   5.1384268e-01
   5.1613866e-01
   5.1713043e-01
   5.2039711e-01
   5.2012940e-01
   5.2033686e-01
   5.2384937e-01
   5.2409890e-01
   5.2076259e-01
   5.1951220e-01
   5.1957168e-01
   5.2150474e-01
   5.2449790e-01
   5.2355148e-01
   5.2438083e-01
   5.2975117e-01
   5.3053734e-01
   5.3186986e-01
   5.3158949e-01
   5.2858612e-01
   5.2785322e-01
   5.3253571e-01
   5.3364917e-01
   5.3119720e-01
   5.3226293e-01
   5.3148630e-01
   5.2796824e-01
   5.2948640e-01
   5.3076737e-01
   5.3455717e-01
   5.3497417e-01
   5.3264750e-01
   5.3087685e-01
   5.3740015e-01
   5.3817764e-01
   5.3972303e-01
   5.3948008e-01
   5.3795780e-01
   5.3972686e-01
   5.4453282e-01
   5.4346641e-01
   5.4155432e-01
   5.3708562e-01
   5.3708562e-01
   5.3685212e-01
   5.3821996e-01
   5.3845248e-01
   5.4099721e-01
   5.4159714e-01
   5.4085835e-01
   5.4370900e-01
   5.4644612e-01
   5.4603519e-01
   5.4618037e-01
   5.4930765e-01
   5.5115929e-01
   5.5154639e-01
   5.5530107e-01
   5.5789854e-01
   5.5506688e-01
   5.5422850e-01
   5.5643013e-01
   5.6080713e-01
   5.6505396e-01
   5.6475904e-01
   5.6842679e-01
   5.6703604e-01
   5.7530488e-01
   5.7279951e-01
   5.7228218e-01
   5.7347409e-01
   5.7040343e-01
   5.6650424e-01
   5.6960347e-01
   5.6838484e-01
   5.6686603e-01
   5.5778448e-01
   5.6331670e-01
   5.6604109e-01
   5.6892052e-01
   5.7251500e-01
   5.7698207e-01
   5.7042171e-01
   5.7423277e-01
   5.6362593e-01
   5.6349565e-01
   5.6110262e-01
   5.6015487e-01
   5.5802807e-01
   5.5599727e-01
   5.5730659e-01
   5.6337059e-01
   5.6626369e-01
   5.6868716e-01
   5.5696489e-01
   5.5947186e-01
   5.6191491e-01
   5.6092833e-01
   5.5470429e-01
   5.5187929e-01
   5.5530622e-01
   5.5286959e-01
   5.4360943e-01
   5.3611982e-01
   5.4144363e-01
   5.3957300e-01
   5.3923022e-01
   5.4472445e-01
   5.4699469e-01
   5.3860162e-01
   5.4018712e-01
   5.3669449e-01
   5.2683378e-01
   5.3268153e-01
   5.3480925e-01
   5.3594447e-01
   5.4083946e-01
   5.3790416e-01
   5.3828091e-01
   5.4109248e-01
   5.4522752e-01
   5.4384504e-01
   5.4581940e-01
   5.4536313e-01
   5.4016697e-01
   5.4355381e-01
   5.4362567e-01
   5.5326616e-01
   5.5258126e-01
   5.5204711e-01
   5.5241573e-01
   5.5164860e-01
   5.5006661e-01
   5.4468295e-01
   5.4448690e-01
   5.4428713e-01
   5.4608308e-01
   5.4985915e-01
   5.4689779e-01
   5.5292984e-01
   5.5134041e-01
   5.4730952e-01
   5.4566533e-01
   5.4745553e-01
   5.5203060e-01
   5.4634745e-01
   5.4671338e-01
   5.4337369e-01
   5.4546977e-01
   5.4358804e-01
   5.4485179e-01
   5.4472129e-01
   5.4226010e-01
   5.4436265e-01
   5.4403433e-01
   5.4732579e-01
   5.5002243e-01
   5.4815975e-01
   5.4750349e-01
   5.4867207e-01
   5.4818976e-01
   5.4658695e-01
   5.4657901e-01
   5.4733382e-01
   5.5033822e-01
   5.5108973e-01
   5.5336058e-01
   5.5364734e-01
   5.5326013e-01
   5.5509320e-01
   5.5559982e-01
   5.5682532e-01
   5.5862108e-01
   5.5380193e-01
   5.5375288e-01
   5.5674016e-01
   5.6098387e-01
   5.6267191e-01
   5.6065555e-01
   5.6385854e-01
   5.6586977e-01
   5.6022130e-01
   5.6155303e-01
   5.5986209e-01
   5.6286590e-01
   5.6326874e-01
   5.6241618e-01
   5.6287525e-01
   5.5925202e-01
   5.6228635e-01
   5.6352597e-01
   5.5985756e-01
   5.5995028e-01
   5.5678950e-01
   5.5790183e-01
   5.5911011e-01
   5.5929514e-01
   5.5909575e-01
   5.6110675e-01
   5.6088250e-01
   5.6065445e-01
   5.6300552e-01
   5.6341246e-01
   5.6067948e-01
   5.6604615e-01
   5.6626039e-01
   5.6513558e-01
   5.6819184e-01
   5.6512141e-01
   5.6553812e-01
   5.6516947e-01
   5.6216512e-01
   5.6379367e-01
   5.6250678e-01
   5.6289495e-01
   5.6515413e-01
   5.6300528e-01
   5.6355748e-01
   5.7371041e-01
   5.7406388e-01
   5.7230311e-01
   5.7819723e-01
   5.8005191e-01
   5.8252802e-01
   5.8388076e-01
   5.8399911e-01
   5.8597737e-01
   5.9138352e-01
   5.8999778e-01
   5.8746002e-01
   5.8654846e-01
   5.9136888e-01
   5.9139018e-01
   5.9275821e-01
   5.8844667e-01
   5.9081272e-01
   5.8780421e-01
   5.8792194e-01
   5.8293942e-01
   5.8940145e-01
   5.9213026e-01
   5.9048711e-01
   5.9017559e-01
   5.9286890e-01
   5.8888889e-01
   5.9189189e-01
   5.9057971e-01
   5.9347850e-01
   5.8950380e-01
   5.9062845e-01
   5.9275442e-01
   5.9599092e-01
   5.9941375e-01
   6.0196519e-01
   6.0565518e-01
   6.0556400e-01
   6.0790922e-01
   6.0518635e-01
   6.1179403e-01
   6.1315139e-01
   6.1682979e-01
   6.1451794e-01
   6.1677282e-01
   6.1522175e-01
   6.1070385e-01
   5.9785319e-01
   5.9217268e-01
   5.9612725e-01
   5.9968908e-01
   5.8899460e-01
   5.9172591e-01
   5.9239374e-01
   5.9290001e-01
   5.9315038e-01
   5.9699576e-01
   5.9826136e-01
   6.0066099e-01
   6.0101944e-01
   6.0273291e-01
   6.0344637e-01
   6.0089885e-01
   5.9667707e-01
   6.0082950e-01
   5.9409387e-01
   5.9995498e-01
   6.0324591e-01
   6.0576330e-01
   6.0427807e-01
   6.0232245e-01
   6.0478941e-01
   6.1137441e-01
   6.1386250e-01
   6.2126961e-01
   6.2019721e-01
   6.1776755e-01
   6.1576880e-01
   6.2081198e-01
   6.1807514e-01
   6.2456514e-01
   6.3133356e-01
   6.3214245e-01
   6.3726757e-01
   6.4178602e-01
   6.4101127e-01
   6.4394024e-01
   6.4903739e-01
   6.4635241e-01
   6.4564851e-01
   6.4530300e-01
   6.4794768e-01
   6.5431267e-01
   6.5577833e-01
   6.5760900e-01
   6.5861197e-01
   6.6013438e-01
   6.5799588e-01
   6.5966410e-01
   6.5182141e-01
   6.4395267e-01
   6.5185267e-01
   6.5184854e-01
   6.5837358e-01
   6.6494142e-01
   6.6608214e-01
   6.6283245e-01
   6.5969058e-01
   6.5843089e-01
   6.6074241e-01
   6.6308770e-01
   6.6464932e-01
   6.6858432e-01
   6.6876417e-01
   6.7008420e-01
   6.6886657e-01
   6.7098446e-01
   6.6438277e-01
   6.6538174e-01
   6.6880899e-01
   6.6565739e-01
   6.6486077e-01
   6.6762094e-01
   6.7578011e-01
   6.7773208e-01
   6.7941647e-01
   6.7995019e-01
   6.8125937e-01
   6.6820059e-01
   6.6044320e-01
   6.5345394e-01
   6.5807840e-01
   6.6014256e-01
   6.5923122e-01
   6.5126886e-01
   6.5479244e-01
   6.4757556e-01
   6.4790997e-01
   6.5294727e-01
   6.5522989e-01
   6.6352274e-01
   6.6310377e-01
   6.6326059e-01
   6.6407879e-01
   6.5734185e-01
   6.4841020e-01
   6.4717812e-01
   6.5080005e-01
   6.4465301e-01
   6.4830412e-01
   6.4774348e-01
   6.5151864e-01
   6.5615197e-01
   6.5786566e-01
   6.5499216e-01
   6.5599534e-01
   6.5814266e-01
   6.5947539e-01
   6.5376662e-01
   6.5690970e-01
   6.5859057e-01
   6.5007757e-01
   6.5107935e-01
   6.4346481e-01
   6.4011973e-01
   6.3915944e-01
   6.4231131e-01
   6.4572169e-01
   6.4119385e-01
   6.3661589e-01
   6.3849377e-01
   6.4279409e-01
   6.4633078e-01
   6.5353915e-01
   6.5787304e-01
   6.5885463e-01
   6.5973781e-01
   6.6343213e-01
   6.6334062e-01
   6.6366757e-01
   6.6765228e-01
   6.6946795e-01
   6.7878070e-01
   6.7714117e-01
   6.7685950e-01
   6.8199620e-01
   6.7499119e-01
   6.7044587e-01
   6.8136366e-01
   6.8116027e-01
   6.8250540e-01
   6.8415198e-01
   6.8059719e-01
   6.8935622e-01
   6.9145440e-01
   6.9182464e-01
   6.9113508e-01
   6.8963890e-01
   6.8451400e-01
   6.8900567e-01
   6.8801090e-01
   6.8869327e-01
   6.9199643e-01
   6.9250477e-01
   7.0234234e-01
   6.9888520e-01
   7.0000000e-01
   7.0372589e-01
   7.0310806e-01
   7.0568340e-01
   7.0916672e-01
   7.0590379e-01
   7.0746597e-01
   7.0059258e-01
   7.0947993e-01
   7.1023573e-01
   7.0749985e-01
   7.1416133e-01
   7.1361182e-01
   7.1560765e-01
   7.1903472e-01
   7.1935188e-01
   7.1670614e-01
   7.1764563e-01
   7.2251881e-01
   7.2337970e-01
   7.2334347e-01
   7.2122247e-01
   7.1713293e-01
   7.2025332e-01
   7.2234023e-01
   7.2327082e-01
   7.2688237e-01
   7.2822914e-01
   7.3532629e-01
   7.3527800e-01
   7.3454877e-01
   7.4070931e-01
   7.4183007e-01
   7.4050097e-01
   7.3824812e-01
   7.4298187e-01
   7.4009077e-01
   7.4465902e-01
   7.4073852e-01
   7.3652019e-01
   7.3762994e-01
   7.3486998e-01
   7.3421021e-01
   7.4173492e-01
   7.4394381e-01
   7.4638633e-01
   7.5169623e-01
   7.5478032e-01
   7.6518953e-01
   7.7126791e-01
   7.6795881e-01
   7.7055379e-01
   7.7461534e-01
   7.7740743e-01
   7.7942165e-01
   7.7769608e-01
   7.7235772e-01
   7.6846897e-01
   7.5801017e-01
   7.6560401e-01
   7.7210926e-01
   7.7841744e-01
   7.7626911e-01
   7.7365572e-01
   7.7279743e-01
   7.7506324e-01
   7.6972466e-01
   7.5530617e-01
   7.6028066e-01
   7.6644336e-01
   7.6305368e-01
   7.6394876e-01
   7.6127111e-01
   7.7726828e-01
   7.8325970e-01
   7.7906119e-01
   7.8641194e-01
   7.9140422e-01
   7.9018854e-01
   7.9670364e-01
   7.9612615e-01
   7.9124433e-01
   7.8569213e-01
   7.7286136e-01
   7.7464789e-01
   7.7923120e-01
   7.6943053e-01
   7.6848815e-01
   7.7309884e-01
   7.7170058e-01
   7.4993824e-01
   7.5083447e-01
   7.5027692e-01
   7.5701507e-01
   7.6105159e-01
   7.5067139e-01
   7.3698136e-01
   7.3053499e-01
   7.3402284e-01
   7.4147454e-01
   7.3908060e-01
   7.4210144e-01
   7.4816656e-01
