% Title: Cat Waveform
% Description: This is a recording of Anthony Brockwell saying "cat".
688
784
816
880
930
992
1126
1188
1176
1198
1187
1203
1250
1236
1134
1143
1179
1208
1269
1337
1307
1240
1252
1231
1265
1292
1311
1362
1375
1380
1415
1449
1453
1463
1472
1448
1410
1437
1403
1343
1432
1501
1486
1496
1509
1537
1546
1547
1493
1435
1431
1403
1369
1454
1593
1635
1628
1601
1673
1768
1809
1844
1828
1728
1676
1617
1596
1570
1527
1500
1462
1396
1381
1328
1281
1251
1167
1106
1057
942
939
759
623
665
641
660
711
715
627
550
530
483
476
602
768
751
708
724
670
636
599
568
560
546
536
481
255
208
251
178
186
213
245
191
135
132
73
37
82
209
152
66
19
-21
-14
-108
-239
-349
-416
-475
-540
-580
-681
-764
-767
-764
-798
-795
-809
-798
-778
-809
-811
-721
-669
-669
-601
-556
-658
-817
-780
-725
-781
-837
-777
-630
-571
-569
-533
-537
-519
-483
-535
-613
-576
-598
-593
-594
-625
-640
-706
-706
-642
-706
-837
-846
-827
-838
-896
-861
-878
-811
-692
-717
-696
-658
-668
-784
-805
-769
-830
-840
-819
-816
-868
-919
-873
-857
-860
-927
-978
-995
-1032
-1060
-999
-941
-985
-989
-865
-832
-815
-683
-611
-564
-524
-507
-527
-533
-490
-534
-575
-526
-496
-423
-373
-371
-368
-360
-396
-415
-380
-234
-236
-376
-361
-324
-424
-460
-311
-240
-267
-347
-361
-264
-265
-399
-337
-271
-297
-293
-257
-208
-238
-324
-304
-279
-196
-56
64
83
106
184
193
335
413
273
242
290
341
358
368
432
485
489
444
471
525
589
613
593
600
600
592
573
557
604
576
516
491
463
477
435
380
385
418
451
429
552
649
648
678
738
849
904
946
905
916
990
1027
1051
1063
1117
1200
1263
1241
1245
1199
1199
1201
1148
1138
1163
1137
1137
1180
1157
1125
1090
1118
1192
1229
1238
1207
1172
1183
1163
1184
1173
1137
1069
1017
969
1011
1017
895
800
749
724
721
731
663
624
720
732
647
630
723
731
667
630
611
620
597
572
597
635
610
598
621
587
533
449
393
363
428
511
494
480
426
339
269
252
288
228
168
160
157
113
97
30
-66
-81
-75
-154
-246
-238
-197
-275
-322
-399
-487
-568
-666
-677
-696
-696
-729
-698
-678
-702
-754
-815
-831
-789
-820
-831
-868
-956
-1002
-1065
-1079
-954
-876
-894
-897
-977
-1078
-1171
-1201
-1237
-1198
-1168
-1153
-1201
-1186
-1211
-1317
-1333
-1275
-1279
-1311
-1291
-1349
-1459
-1587
-1662
-1707
-1720
-1804
-1870
-1800
-1733
-1647
-1564
-1445
-1452
-1441
-1384
-1437
-1444
-1453
-1411
-1355
-1366
-1255
-1121
-1054
-1012
-921
-813
-780
-834
-877
-867
-883
-961
-1014
-1044
-1016
-1038
-1091
-1086
-1127
-1104
-1130
-1138
-1120
-1141
-1162
-1197
-1172
-1057
-1091
-1091
-1025
-997
-918
-872
-872
-884
-817
-718
-668
-632
-436
-299
-323
-263
-230
-160
-94
-37
10
109
164
1
-49
33
131
51
44
131
75
19
11
-41
-71
-104
-119
-77
8
47
-35
-56
-32
-39
-54
-10
114
175
107
82
76
43
113
183
207
210
288
337
301
331
470
506
542
607
633
688
711
708
669
565
487
481
506
425
390
369
368
462
510
436
362
399
339
301
368
442
449
438
455
512
579
609
611
628
576
555
473
434
483
488
476
541
602
544
530
497
522
481
467
476
398
359
421
468
508
487
326
376
394
257
184
265
336
304
337
426
440
427
458
442
350
304
283
239
301
314
300
328
399
553
496
361
341
342
324
358
432
441
523
534
571
680
710
704
686
710
786
747
702
682
707
673
628
613
557
477
435
379
344
231
228
225
214
250
271
262
179
124
104
67
57
74
110
119
103
131
90
113
140
121
97
103
12
-40
6
-46
-75
-6
92
151
158
164
193
174
204
222
236
174
175
338
309
198
184
224
88
95
136
93
85
55
48
-9
-57
-154
-292
-266
-291
-322
-341
-335
-301
-335
-395
-488
-496
-529
-541
-516
-515
-547
-594
-585
-611
-691
-692
-684
-730
-743
-673
-628
-606
-554
-499
-453
-484
-511
-507
-569
-666
-651
-584
-566
-581
-579
-555
-545
-515
-479
-440
-314
-182
-118
-83
-20
43
18
-45
-123
-239
-325
-369
-364
-340
-473
-580
-576
-572
-515
-545
-558
-532
-549
-580
-586
-566
-544
-548
-558
-604
-664
-750
-824
-805
-778
-787
-706
-656
-654
-590
-544
-545
-542
-528
-526
-524
-468
-399
-306
-344
-332
-257
-281
-259
-194
-229
-251
-178
-189
-206
-160
-136
-35
49
-67
-92
-100
-48
-71
-54
-106
-190
-217
-191
-322
-395
-441
-428
-424
-454
-539
-622
-542
-604
-617
-615
-646
-604
-624
-527
-534
-605
-526
-460
-326
-195
-134
-20
30
126
94
210
257
234
282
385
427
297
255
266
253
297
361
344
293
210
148
103
80
81
42
17
-1
-67
-35
-35
-3
70
108
127
116
131
119
160
102
20
108
158
173
212
239
180
91
160
201
225
288
197
169
267
374
467
629
721
720
647
594
735
733
667
702
663
560
525
585
652
696
616
583
539
500
589
585
518
579
587
607
585
560
538
477
468
511
621
722
845
848
858
931
900
890
899
936
981
984
935
1006
1174
1093
1047
1156
1151
1142
1072
1028
1020
1052
1023
886
870
843
770
737
716
640
501
455
498
584
643
639
628
593
582
578
536
550
503
515
531
542
542
556
556
564
562
585
676
715
552
555
599
548
537
602
624
705
769
751
755
818
861
856
852
952
976
947
928
982
947
864
874
856
872
880
844
803
812
804
737
665
737
729
654
550
568
574
548
572
616
673
715
734
652
713
770
772
733
677
709
692
626
553
598
651
691
707
718
718
659
603
649
676
776
889
797
748
848
921
795
799
899
931
941
998
996
966
888
883
901
913
840
674
593
536
516
489
479
484
530
451
284
274
226
104
100
191
234
276
280
240
233
268
247
252
280
305
306
212
151
118
109
129
97
116
133
45
14
28
-61
-151
-161
-203
-207
-193
-218
-227
-235
-208
-257
-259
-299
-343
-415
-456
-370
-354
-353
-332
-365
-407
-347
-319
-383
-430
-310
-276
-401
-421
-375
-450
-534
-518
-580
-671
-670
-663
-673
-746
-857
-952
-986
-999
-921
-967
-1074
-1005
-1031
-1105
-1136
-1126
-1252
-1301
-1293
-1309
-1374
-1378
-1434
-1538
-1578
-1643
-1659
-1673
-1730
-1648
-1527
-1500
-1445
-1436
-1470
-1466
-1345
-1263
-1146
-1114
-1294
-1450
-1539
-1496
-1547
-1618
-1493
-1387
-1438
-1507
-1504
-1495
-1536
-1585
-1632
-1656
-1702
-1782
-1925
-2013
-1990
-2049
-2078
-2101
-2050
-2052
-2125
-2191
-2115
-1971
-1912
-1902
-1842
-1698
-1697
-1714
-1611
-1511
-1395
-1236
-1186
-1126
-1088
-1033
-998
-995
-881
-839
-808
-690
-606
-589
-581
-464
-361
-306
-243
-111
-4
158
353
421
430
455
484
515
551
678
648
629
721
737
743
732
661
610
650
622
578
616
567
525
495
479
532
634
723
749
713
700
740
778
796
837
873
842
810
826
883
885
886
896
977
1079
1158
1194
1187
1212
1205
1180
1227
1269
1185
1155
1191
1095
1117
1204
1196
1254
1318
1337
1274
1210
1182
1126
1014
933
824
702
726
708
668
734
728
633
616
573
600
619
505
513
577
579
630
530
431
414
266
275
299
240
285
420
446
438
410
298
260
289
288
236
136
87
93
-6
-88
-70
-51
-145
-127
-113
-284
-466
-536
-582
-586
-432
-432
-396
-370
-367
-373
-440
-469
-465
-417
-344
-343
-323
-298
-185
-87
-87
-22
-41
-48
-26
-61
-130
-167
-140
-18
72
123
189
138
118
220
258
223
234
190
210
232
246
230
176
93
-4
13
23
18
-63
-143
-154
-208
-281
-259
-266
-184
-95
-113
-102
-108
-49
62
22
-45
-28
-162
-136
-60
-21
-9
-6
73
91
149
149
102
144
194
199
196
158
214
215
129
110
155
153
185
200
109
113
74
256
-196
-806
-14
-83
-300
385
-184
-323
179
-96
103
277
130
141
113
156
53
94
106
-230
-252
-289
-575
-370
-171
-205
-49
209
202
82
193
260
178
187
227
166
160
306
323
249
285
253
242
355
417
352
220
49
-61
5
-44
-92
-15
11
-11
14
49
-8
7
49
67
98
69
-57
-116
-66
13
-184
-365
-333
-374
-419
-501
-534
-542
-445
-452
-504
-455
-414
-373
-386
-364
-297
-291
-365
-355
-345
-512
-600
-559
-508
-452
-437
-487
-602
-674
-697
-753
-789
-768
-754
-782
-775
-765
-758
-772
-822
-849
-803
-781
-800
-865
-930
-914
-825
-802
-739
-723
-753
-842
-887
-839
-901
-873
-777
-732
-738
-711
-571
-481
-449
-379
-424
-505
-359
-318
-329
-232
-238
-304
-237
-191
-176
-184
-213
-359
-445
-355
-405
-407
-408
-482
-617
-595
-521
-571
-579
-416
-498
-736
-638
-473
-633
-717
-514
-545
-440
-185
-217
-275
-197
-267
-415
-399
-255
-152
-234
-207
-161
-138
-100
-146
-143
3
46
75
165
261
206
137
255
174
-14
-29
-26
-83
-45
-146
-374
-501
-456
-429
-482
-440
-363
-282
-322
-310
-449
-533
-390
-299
-393
-422
-404
-488
-503
-241
-127
-243
-222
-302
-241
-54
-17
159
335
327
205
309
519
319
145
424
348
234
331
275
-402
-771
102
-193
-605
277
-248
-513
-2
-250
-134
-181
-372
-314
-542
-335
-393
-555
-209
-421
-577
-400
-592
-603
-444
-253
-329
-243
-8
-305
-202
352
177
-65
173
314
103
286
690
362
304
704
684
641
926
958
705
687
719
552
524
704
623
447
514
455
310
449
489
321
416
505
379
441
502
322
254
220
256
329
389
462
455
443
455
608
802
877
788
749
732
703
771
842
833
838
839
771
808
852
796
731
788
880
939
896
969
1067
1046
999
833
699
699
706
719
685
535
448
467
458
404
408
362
295
374
481
487
424
443
460
391
346
315
283
229
165
109
14
62
206
226
313
371
350
308
332
444
471
490
446
427
494
481
389
275
199
180
-6
3
124
41
113
2
-204
-114
-101
-49
-6
-65
-20
-224
-285
-283
-371
-138
-172
-377
-320
-329
-354
-354
-380
-405
-538
-622
-671
-676
-609
-671
-701
-679
-698
-704
-598
-507
-558
-512
-334
-300
-295
-155
-100
-213
-183
-116
-179
-189
-138
-206
-363
-432
-512
-578
-518
-517
-595
-616
-660
-668
-596
-580
-632
-621
-594
-680
-668
-807
-1016
-1099
-1109
-989
-962
-980
-901
-822
-732
-679
-608
-485
-455
-404
-401
-351
-355
-408
-421
-383
-330
-319
-316
-305
-276
-281
-316
-367
-265
-169
-87
-52
-87
1
13
18
178
297
224
185
165
103
70
88
62
26
29
60
111
110
207
221
150
139
213
223
215
272
348
322
323
415
456
532
603
579
551
601
687
718
805
870
767
775
769
772
915
968
974
1011
1076
1124
1186
1241
1247
1207
1264
1252
1218
1311
1338
1185
1016
1026
1059
1049
1112
1217
1232
1238
1225
1220
1301
1402
1415
1357
1384
1387
1379
1412
1408
1331
1336
1301
1276
1346
1453
1523
1463
1433
1496
1491
1425
1483
1507
1500
1546
1569
1637
1689
1639
1527
1552
1584
1542
1461
1437
1377
1285
1179
1023
917
823
770
681
676
718
600
487
533
547
543
511
493
571
702
699
589
524
444
492
553
522
466
455
425
326
230
206
213
120
30
21
88
139
95
-1
-18
-99
-192
-207
-175
-174
-377
-566
-680
-663
-662
-733
-694
-716
-768
-750
-796
-689
-605
-707
-807
-866
-799
-750
-794
-872
-869
-789
-746
-714
-672
-594
-577
-637
-756
-830
-882
-956
-972
-970
-921
-947
-937
-893
-945
-978
-978
-950
-931
-911
-856
-857
-992
-1111
-1168
-1167
-1180
-1134
-1064
-1102
-1185
-1224
-1179
-1203
-1196
-1091
-1016
-922
-816
-819
-705
-613
-622
-626
-593
-462
-546
-552
-447
-437
-482
-544
-504
-423
-415
-470
-612
-615
-566
-619
-658
-653
-612
-665
-784
-831
-861
-813
-884
-907
-861
-831
-846
-819
-741
-667
-629
-625
-569
-517
-475
-404
-371
-284
-141
-70
-33
15
16
-20
-76
-41
-27
38
74
131
223
230
296
339
327
369
398
390
387
368
329
281
197
223
288
218
217
250
234
285
340
308
353
351
273
288
311
290
277
172
94
88
23
9
16
153
353
436
429
414
473
508
471
440
429
468
447
404
495
480
395
408
440
528
541
522
549
525
393
384
444
433
495
486
241
194
226
142
185
216
199
213
288
350
421
481
484
515
444
487
573
496
468
433
298
169
93
-7
-11
-29
-96
-107
-87
-94
-71
-75
-65
-30
-73
-129
-81
-22
20
79
67
29
84
112
173
258
284
318
376
434
448
462
374
289
372
506
441
283
225
207
134
78
111
143
185
175
99
-19
-80
-127
-246
-300
-291
-304
-377
-387
-315
-221
-232
-246
-195
-186
-204
-230
-280
-362
-364
-319
-324
-347
-239
-223
-383
-405
-325
-246
-254
-154
-106
-163
-157
-170
-149
-60
3
3
-101
-180
-186
-278
-360
-364
-410
-541
-563
-522
-553
-592
-639
-647
-637
-647
-590
-542
-589
-636
-676
-803
-874
-904
-964
-936
-822
-646
-558
-590
-554
-555
-606
-649
-620
-524
-488
-520
-620
-722
-669
-657
-730
-701
-641
-627
-653
-598
-579
-613
-578
-570
-555
-610
-596
-598
-672
-690
-705
-763
-791
-779
-798
-803
-803
-868
-941
-982
-954
-967
-1051
-1092
-1134
-1176
-1153
-1193
-1207
-1274
-1425
-1525
-1559
-1503
-1466
-1395
-1369
-1390
-1288
-1209
-1150
-1099
-1121
-1156
-1133
-1086
-933
-856
-884
-878
-908
-935
-925
-881
-886
-969
-1014
-1018
-1022
-1000
-911
-829
-872
-869
-830
-897
-828
-765
-840
-924
-898
-781
-772
-856
-862
-824
-812
-768
-776
-741
-650
-635
-607
-600
-557
-529
-569
-620
-556
-452
-453
-464
-367
-294
-281
-227
-173
-158
-167
-83
20
57
70
73
8
-84
-11
64
27
27
79
164
139
129
164
162
145
170
209
175
116
107
43
24
90
137
135
185
262
211
200
338
477
572
610
611
635
643
656
750
738
750
756
709
716
750
765
703
718
774
802
821
907
1009
1027
984
1015
1050
1116
1182
1172
1142
1127
1129
1074
1016
1038
1069
1094
1121
1122
1109
1190
1255
1255
1275
1271
1255
1223
1184
1150
1038
949
942
982
1052
1133
1192
1098
982
996
1042
1104
1141
1188
1184
1140
1095
1074
1104
1150
1103
1035
1006
972
978
934
898
878
893
988
1057
1064
975
827
767
803
842
969
1032
994
913
881
878
826
871
933
979
971
974
953
904
922
860
774
824
863
910
1000
985
909
877
928
887
873
850
737
731
624
528
501
401
304
321
336
392
491
547
616
581
486
366
342
395
431
372
278
285
278
303
375
479
518
558
592
567
622
682
641
576
581
618
710
817
875
915
921
849
832
857
857
848
727
669
625
494
460
434
386
342
255
197
234
282
260
246
320
261
166
144
131
145
113
64
21
22
69
49
50
174
245
139
116
161
205
144
123
105
78
105
17
8
31
29
48
34
18
16
-5
-7
0
8
61
16
-8
-101
-174
-135
-62
-48
-84
-168
-222
-226
-290
-315
-279
-270
-369
-409
-432
-549
-640
-706
-731
-813
-821
-837
-859
-793
-688
-751
-875
-855
-755
-700
-652
-571
-561
-597
-624
-757
-924
-972
-916
-865
-842
-838
-803
-830
-876
-861
-856
-842
-766
-773
-805
-785
-843
-1032
-1172
-1243
-1226
-1228
-1250
-1259
-1333
-1442
-1399
-1335
-1377
-1356
-1269
-1205
-1156
-1146
-1153
-1174
-1180
-1184
-1178
-1173
-1183
-1117
-1051
-1069
-985
-943
-984
-902
-836
-906
-1006
-1085
-1062
-1007
-939
-905
-875
-817
-843
-826
-803
-854
-935
-980
-1066
-1010
-890
-891
-868
-862
-895
-910
-923
-997
-1074
-1117
-1137
-1085
-1057
-1032
-981
-984
-1113
-1164
-1099
-1059
-986
-989
-1075
-1109
-1025
-955
-952
-897
-749
-596
-610
-609
-503
-516
-592
-568
-548
-526
-456
-404
-453
-550
-542
-518
-427
-297
-153
-41
1
24
50
88
121
206
199
218
305
319
291
263
299
341
294
317
307
303
245
163
162
226
270
274
239
271
290
332
441
502
586
655
719
730
683
712
741
768
752
722
699
741
818
796
869
1028
1093
1148
1188
1253
1365
1338
1254
1263
1192
1134
1144
1184
1201
1202
1122
1086
1137
1204
1274
1215
1160
1222
1272
1267
1222
1157
1168
1208
1130
1117
1202
1236
1257
1249
1204
1208
1262
1270
1235
1072
1051
1130
1111
1135
1225
1330
1359
1338
1384
1461
1497
1432
1399
1393
1441
1450
1398
1351
1344
1264
1186
1184
1151
1185
1196
1147
1098
1008
953
893
849
805
810
761
689
740
794
806
780
822
885
923
935
866
796
821
814
840
873
909
930
849
867
868
897
956
926
892
870
757
676
776
778
748
722
626
488
463
533
508
516
526
461
419
432
382
274
130
52
2
-79
-86
-112
-105
-53
-55
-55
-17
-18
29
-4
-160
-213
-252
-267
-296
-243
-237
-325
-408
-466
-463
-433
-383
-363
-367
-403
-428
-418
-474
-468
-456
-464
-464
-482
-578
-703
-729
-749
-816
-858
-789
-807
-961
-998
-952
-1000
-994
-972
-1023
-1081
-1133
-1236
-1340
-1336
-1351
-1387
-1453
-1469
-1411
-1442
-1451
-1446
-1506
-1562
-1519
-1549
-1541
-1585
-1640
-1632
-1617
-1519
-1436
-1421
-1394
-1356
-1311
-1397
-1468
-1440
-1436
-1403
-1452
-1471
-1489
-1492
-1458
-1454
-1462
-1455
-1449
-1487
-1465
-1422
-1387
-1471
-1596
-1599
-1622
-1619
-1562
-1643
-1817
-1788
-1697
-1684
-1689
-1646
-1667
-1764
-1761
-1741
-1718
-1689
-1667
-1636
-1575
-1481
-1339
-1159
-1083
-979
-950
-963
-1007
-1059
-992
-997
-990
-1000
-1058
-1051
-991
-926
-881
-765
-711
-648
-542
-464
-422
-435
-491
-545
-564
-594
-623
-701
-718
-682
-584
-550
-536
-466
-430
-396
-393
-361
-343
-318
-206
-176
-243
-233
-185
-165
24
140
177
226
275
284
328
430
390
419
500
565
656
715
676
737
786
820
945
1009
1039
1017
1011
963
874
845
904
914
856
834
783
743
780
827
842
840
802
696
660
709
789
904
907
927
1063
1135
1120
1149
1143
1110
1110
1113
1115
1173
1284
1265
1260
1323
1395
1439
1467
1492
1556
1568
1562
1547
1520
1583
1647
1625
1602
1646
1666
1622
1548
1551
1573
1564
1548
1518
1483
1532
1542
1442
1427
1465
1499
1526
1545
1526
1572
1623
1632
1613
1605
1544
1510
1520
1585
1658
1664
1652
1637
1588
1545
1549
1528
1535
1529
1507
1453
1364
1307
1339
1381
1359
1289
1234
1252
1209
1070
1017
915
821
803
803
800
763
657
546
546
552
521
573
569
552
577
551
526
581
583
577
621
611
576
617
588
546
525
527
615
708
661
572
565
496
476
521
479
490
478
396
357
284
236
144
117
160
105
64
43
-46
-84
-91
-95
-105
-150
-157
-231
-278
-279
-369
-471
-531
-551
-563
-650
-744
-804
-824
-858
-838
-746
-655
-625
-601
-597
-656
-712
-750
-846
-836
-764
-777
-860
-941
-966
-982
-948
-887
-789
-785
-884
-960
-1086
-1166
-1240
-1253
-1260
-1327
-1333
-1346
-1402
-1416
-1372
-1406
-1470
-1496
-1473
-1532
-1597
-1518
-1437
-1450
-1385
-1383
-1515
-1519
-1553
-1578
-1531
-1464
-1406
-1413
-1425
-1410
-1406
-1376
-1365
-1417
-1491
-1481
-1416
-1423
-1433
-1446
-1561
-1654
-1685
-1741
-1818
-1899
-1934
-1999
-2075
-2049
-2039
-2074
-2115
-2152
-2110
-2058
-2093
-2037
-1906
-1831
-1852
-1896
-1943
-1955
-1880
-1831
-1827
-1767
-1663
-1681
-1688
-1557
-1424
-1371
-1349
-1351
-1355
-1379
-1350
-1305
-1210
-1115
-1109
-1099
-1145
-1134
-1074
-1194
-1331
-1368
-1338
-1256
-1214
-1188
-1212
-1273
-1218
-1205
-1211
-1139
-1080
-1075
-1069
-1022
-929
-863
-801
-803
-738
-668
-680
-639
-577
-538
-485
-470
-505
-489
-378
-300
-275
-232
-191
-151
-28
26
63
151
194
239
294
392
411
358
357
405
390
360
389
395
467
508
505
530
501
537
682
823
825
784
819
788
786
853
769
681
702
731
839
937
1062
1225
1283
1230
1251
1265
1229
1324
1433
1443
1444
1397
1320
1327
1445
1420
1376
1437
1513
1538
1526
1560
1600
1620
1706
1782
1759
1750
1813
1796
1782
1774
1760
1749
1778
1793
1830
1830
1782
1861
1903
1842
1806
1870
1878
1799
1795
1795
1738
1695
1703
1645
1565
1603
1672
1674
1687
1710
1690
1618
1578
1551
1498
1486
1531
1539
1470
1377
1327
1227
1165
1134
1069
1099
1167
1112
1026
967
994
1038
1060
1082
1108
1120
1026
923
869
800
756
703
672
725
757
684
556
484
504
578
534
410
280
201
161
96
6
-19
-65
-71
-130
-175
-198
-278
-354
-405
-404
-363
-321
-330
-367
-366
-322
-289
-290
-301
-289
-309
-477
-525
-402
-359
-364
-357
-357
-317
-296
-286
-396
-433
-359
-361
-378
-392
-373
-282
-315
-472
-515
-474
-445
-444
-426
-420
-434
-406
-424
-485
-483
-454
-472
-560
-487
-393
-404
-467
-478
-555
-583
-517
-482
-441
-464
-414
-432
-528
-418
-322
-286
-305
-346
-351
-291
-264
-343
-459
-425
-343
-315
-212
-149
-122
-234
-275
-202
-157
-167
-233
-257
-254
-252
-282
-320
-322
-327
-367
-450
-399
-352
-364
-289
-233
-180
-232
-333
-283
-262
-291
-245
-158
-131
-62
54
25
-94
-116
-97
-93
-35
17
60
-57
-161
-60
35
5
34
58
16
3
-7
-80
-141
-84
-50
-83
-68
39
96
-4
-77
-63
-82
-68
-45
-7
51
2
-117
-194
-265
-208
-173
-207
-178
-114
-154
-220
-98
113
210
167
60
29
-40
-66
-15
-38
-130
-128
-181
-283
-272
-147
-95
-138
-116
-100
-192
-195
-189
-269
-326
-359
-391
-388
-455
-572
-698
-850
-876
-741
-615
-641
-667
-658
-695
-639
-646
-703
-631
-564
-568
-593
-587
-549
-535
-593
-526
-426
-408
-351
-246
-290
-432
-494
-509
-518
-548
-581
-630
-663
-668
-598
-504
-461
-512
-563
-559
-510
-469
-487
-583
-609
-595
-643
-618
-441
-380
-445
-491
-464
-497
-517
-499
-462
-428
-510
-587
-593
-641
-598
-523
-559
-669
-706
-704
-646
-591
-574
-507
-459
-475
-469
-410
-455
-425
-329
-299
-265
-293
-378
-430
-450
-522
-561
-538
-533
-525
-535
-507
-487
-491
-422
-339
-350
-321
-274
-279
-187
-85
-114
-109
-75
-76
-86
-93
-19
-4
-56
-137
-207
-135
-93
-26
30
-3
53
136
150
182
136
76
42
-6
-57
-38
-45
-31
14
108
212
293
247
193
271
247
212
297
340
352
265
234
215
112
111
191
196
213
299
380
401
483
588
515
445
412
500
591
632
706
676
545
469
476
492
533
652
693
651
595
651
696
658
579
558
578
534
534
547
472
398
423
393
410
489
631
710
708
706
640
620
652
654
608
619
675
708
600
545
603
619
574
601
717
756
837
925
921
908
960
907
744
790
808
654
570
659
728
703
682
708
755
839
891
927
922
875
905
822
716
687
585
549
532
411
415
422
402
463
454
453
486
487
479
490
604
519
390
480
474
446
481
525
551
567
624
745
734
693
714
759
778
753
733
685
702
707
664
737
798
795
719
589
535
507
447
532
640
675
595
465
456
472
497
440
387
383
410
490
494
451
440
374
347
401
477
431
343
245
223
218
250
353
399
401
363
350
289
239
234
183
167
210
258
264
334
246
153
176
168
140
67
74
34
-115
-222
-295
-426
-461
-433
-398
-346
-283
-266
-278
-236
-196
-178
-134
-268
-224
-140
-178
-176
-254
-339
-336
-227
-156
-128
-89
-87
-45
-19
-47
-129
-161
-166
-262
-387
-450
-442
-482
-618
-667
-639
-685
-747
-688
-596
-620
-699
-725
-780
-736
-681
-700
-744
-759
-747
-807
-801
-689
-563
-480
-421
-325
-235
-201
-141
-62
-13
8
51
39
31
51
97
12
-13
150
218
196
165
183
180
200
171
170
139
83
34
-55
-106
-137
-198
-316
-366
-386
-386
-410
-403
-383
-480
-494
-398
-230
-121
-94
-62
-79
-77
-23
-1
-21
10
-15
-44
-28
27
142
225
153
56
51
52
56
94
142
200
193
170
122
116
163
20
-85
-111
-85
-60
-58
84
169
126
160
236
256
274
325
268
173
140
160
115
116
194
202
254
295
301
355
398
506
610
623
673
689
586
414
351
347
285
271
228
148
90
48
32
35
10
38
18
-60
-6
60
49
-56
-185
-249
-304
-328
-293
-250
-214
-151
-180
-207
-90
59
219
254
245
238
148
41
17
63
45
-8
-64
-158
-229
-267
-383
-464
-431
-427
-399
-325
-361
-442
-498
-606
-645
-631
-657
-699
-776
-894
-942
-940
-951
-886
-880
-920
-897
-905
-874
-773
-709
-687
-669
-692
-644
-563
-513
-523
-540
-606
-699
-662
-641
-671
-672
-657
-634
-505
-359
-317
-282
-302
-339
-333
-314
-236
-243
-366
-412
-387
-348
-286
-177
-71
-65
-132
-177
-157
-198
-283
-305
-312
-269
-195
-180
-256
-270
-316
-446
-496
-401
-226
-49
-9
-27
-71
-190
-186
-208
-213
-193
-222
-143
-175
-192
-174
-275
-343
-295
-184
-153
-126
-91
-113
-192
-248
-244
-215
-167
-202
-349
-458
-392
-306
-229
-121
-22
-21
-88
-78
51
162
195
213
271
281
278
324
397
378
390
356
314
359
348
303
200
150
174
154
119
159
187
83
-19
-43
-62
-84
-65
-39
-81
-63
-9
-28
-37
29
70
24
35
136
92
78
67
7
-31
-57
59
209
237
238
174
146
204
276
322
367
417
400
331
334
347
312
298
304
308
296
253
194
81
5
-19
19
78
124
117
48
-4
-95
-151
-151
-91
-30
-148
-261
-367
-386
-412
-429
-384
-299
-256
-220
-126
-67
-65
-68
-33
-15
-2
53
53
26
-16
-3
5
21
52
28
36
86
122
156
182
214
179
117
103
79
60
117
40
21
25
-27
-33
27
74
24
-22
-73
-59
-64
-138
-246
-368
-362
-326
-299
-254
-255
-265
-252
-218
-215
-209
-149
-71
-70
3
8
-37
48
57
123
175
154
199
156
144
152
139
75
88
86
21
-28
-60
-70
-121
-84
-81
-94
-159
-243
-361
-399
-412
-480
-428
-392
-422
-447
-442
-407
-372
-326
-252
-165
-135
-83
-33
72
133
53
-4
44
186
208
188
153
80
105
51
80
97
13
-84
-130
-149
-141
-130
-213
-298
-306
-308
-340
-330
-241
-278
-366
-443
-474
-482
-459
-450
-481
-526
-518
-464
-467
-523
-612
-610
-601
-569
-509
-411
-289
-216
-164
-127
-257
-296
-211
-174
-109
-77
-108
-106
-85
1
48
53
71
49
34
75
51
-33
-82
-132
-129
-194
-267
-341
-421
-541
-621
-554
-523
-454
-314
-337
-366
-280
-259
-267
-157
-143
-126
-88
-32
70
110
59
7
78
126
155
264
302
271
196
169
152
204
266
325
361
322
231
164
182
202
171
158
211
235
210
118
131
176
146
99
155
381
525
514
502
463
398
428
437
432
529
546
532
531
579
619
694
745
674
659
747
829
919
923
806
697
617
606
551
427
402
372
262
202
247
315
296
220
261
313
269
258
279
278
215
226
233
317
420
443
476
491
519
543
527
589
637
705
771
814
926
995
926
931
884
847
877
858
818
772
833
856
842
813
768
853
880
833
785
746
696
678
670
672
684
702
691
723
786
760
745
708
694
711
693
736
859
867
813
753
705
625
552
608
654
673
638
631
672
635
552
478
446
521
522
422
383
315
263
169
116
159
138
105
77
50
-6
-48
2
29
-79
-139
-164
-230
-240
-380
-530
-560
-564
-536
-523
-410
-345
-372
-359
-273
-177
-192
-295
-283
-230
-274
-288
-304
-342
-326
-350
-375
-459
-517
-529
-539
-503
-484
-447
-475
-471
-416
-446
-504
-577
-612
-617
-648
-562
-564
-673
-664
-701
-778
-730
-631
-605
-635
-647
-710
-751
-773
-816
-804
-725
-634
-638
-640
-596
-630
-679
-648
-610
-601
-608
-668
-783
-867
-867
-840
-792
-713
-686
-730
-747
-749
-815
-860
-867
-851
-850
-773
-635
-580
-661
-748
-730
-787
-830
-809
-855
-927
-951
-977
-964
-818
-725
-690
-688
-684
-579
-545
-501
-411
-352
-337
-335
-327
-227
-82
21
53
-2
-17
-31
-86
-118
-133
-122
-104
59
266
325
320
333
296
196
133
123
82
65
17
-108
-109
-58
-67
-42
-67
-25
44
22
-37
-138
-246
-333
-337
-343
-314
-222
-195
-254
-275
-269
-211
-97
51
164
241
219
260
388
476
536
535
449
348
321
336
347
347
344
323
232
262
358
365
382
397
319
242
191
121
80
36
24
30
-41
-64
32
37
-57
-44
-84
-78
35
111
162
171
166
176
212
286
325
312
317
385
439
419
413
495
515
516
565
623
646
581
573
507
309
317
349
301
306
279
249
242
273
366
438
413
384
392
374
432
457
397
341
324
341
349
379
350
325
342
339
345
329
323
444
577
600
600
654
723
813
836
773
771
746
640
543
515
478
425
343
265
219
181
106
81
156
171
155
120
84
40
-9
-29
-10
19
29
50
1
-48
-55
-137
-135
-67
-22
86
134
128
101
131
223
319
405
427
372
333
284
262
267
255
253
265
294
285
220
156
102
83
133
110
15
-70
-119
-135
-157
-128
-71
-98
-74
-38
-133
-278
-336
-412
-490
-428
-394
-383
-449
-548
-589
-552
-535
-541
-543
-452
-326
-350
-445
-482
-409
-425
-416
-351
-350
-412
-467
-508
-625
-731
-711
-644
-606
-491
-473
-603
-680
-728
-811
-918
-932
-897
-929
-978
-946
-938
-947
-891
-856
-891
-929
-925
-967
-932
-792
-722
-731
-692
-625
-506
-399
-339
-343
-396
-474
-575
-591
-552
-525
-410
-287
-291
-256
-196
-150
-106
-88
-103
-200
-158
-162
-157
-122
-104
-60
-14
92
236
221
92
43
25
-49
-56
-12
70
94
83
53
37
8
13
28
-10
-52
-5
-55
-109
18
18
-154
-129
-98
-73
40
101
146
94
103
190
146
123
216
231
220
167
87
24
59
93
53
99
105
120
73
-107
-106
-58
-35
-21
75
134
77
6
-103
-134
-66
-57
-103
-163
-130
-71
-63
-202
-226
-236
-340
-291
-208
-221
-231
-215
-299
-330
-365
-310
-292
-326
-331
-284
-271
-302
-249
-283
-319
-254
-187
-159
-138
-202
-266
-295
-341
-288
-247
-193
-108
-193
-301
-314
-380
-479
-530
-517
-499
-574
-724
-862
-892
-838
-820
-816
-759
-694
-680
-712
-691
-593
-591
-657
-625
-549
-536
-547
-537
-571
-548
-487
-434
-342
-220
-176
-159
-227
-274
-231
-298
-375
-368
-348
-346
-307
-224
-210
-257
-256
-231
-272
-248
-200
-179
-149
-116
-100
-102
-73
8
93
20
-154
-260
-257
-226
-143
-102
-106
-100
-55
-71
-168
-155
-159
-181
-111
-35
58
60
144
294
325
346
395
376
433
608
660
642
664
730
706
676
704
766
803
709
743
785
748
839
920
984
1017
1051
1001
874
786
732
710
682
691
684
710
754
802
887
885
854
806
816
907
940
853
840
846
822
783
806
891
986
989
1022
1100
1139
1102
1116
1238
1271
1289
1287
1307
1467
1590
1625
1651
1740
1885
1914
1973
2055
2098
2098
2004
1992
1977
1890
1870
1839
1808
1850
1841
1798
1820
1869
1948
1942
1974
1882
1818
1744
1690
1682
1608
1513
1432
1368
1293
1280
1290
1220
1167
1161
1114
1089
1148
1169
1153
1112
1128
1106
1023
1065
1120
1177
1184
1147
1141
1040
960
920
921
955
942
974
980
910
834
748
727
722
623
567
554
435
418
470
470
405
261
183
182
104
-1
-3
-30
-134
-264
-330
-328
-315
-282
-235
-161
-115
-92
-129
-162
-86
-72
-150
-197
-224
-283
-357
-435
-505
-629
-659
-681
-745
-760
-792
-827
-876
-854
-800
-921
-1000
-956
-986
-1001
-1067
-1039
-1043
-1277
-1245
-1041
-1190
-1368
-1298
-1214
-1265
-1199
-1082
-1091
-1121
-1082
-980
-913
-959
-897
-831
-924
-972
-962
-1046
-1094
-1080
-1054
-1153
-1235
-1123
-1069
-1322
-779
42
-3235
-130
8055
-3582
-9521
1273
-707
-8364
-6417
283
-2175
-8500
-2466
356
-4607
-3932
-1193
-103
-4589
-2034
2415
-2768
-1874
1628
-594
-2610
-1604
1439
-370
-2416
437
-462
-1906
-909
-1006
-303
-1363
-1142
442
-2063
-1113
467
-1587
-1464
-880
-673
-1133
-1011
312
-523
-556
5
-771
-159
-654
-782
55
-1247
-636
-215
-728
-667
-972
-300
-96
-809
-39
-206
-717
306
-320
-502
63
541
173
-760
58
996
-159
-644
456
322
-519
268
320
-259
436
-360
-1067
475
-223
-38
136
60
560
-17
4417
3549
-4218
-1471
921
-3026
-4496
-2016
730
-4561
-5035
396
-854
-3022
-2442
1370
744
-1839
2537
2242
498
2139
2268
4799
2349
181
2001
-819
-2705
-3045
-3916
-3314
-4699
-3131
-2564
-4144
-1522
-2216
-3148
-1323
-1215
-423
-342
-222
1750
1405
1600
1035
1131
2401
1199
1295
1751
1439
1269
1638
3193
688
-186
4067
2498
56
2151
4141
1817
484
3309
2656
1253
2244
2842
2980
2303
2065
2577
1764
2558
1645
4587
5716
942
473
3436
3484
-620
-2354
3029
459
-4495
1766
3648
344
2238
3955
3851
2450
3726
6964
3351
2891
6497
5238
1709
3142
6637
3310
331
4424
4792
2628
3534
4825
4552
2408
3875
5340
2876
3816
5288
3274
2394
2587
1845
274
1638
1285
1481
2498
2674
4161
3070
1657
3982
1672
-1024
2132
3115
-990
-1369
3965
3401
1268
5915
8674
7047
6383
10094
12603
7899
7281
11995
11080
9810
12642
12318
12189
12248
12130
12080
12028
11978
11926
11876
11843
11774
11725
11679
11626
11577
11528
11479
11429
11381
11333
11286
11237
11190
11143
11094
11047
11019
10953
10907
10861
10815
10769
10724
10678
10632
10587
10542
10498
10453
10408
10368
10320
10276
10247
10189
10146
10103
10060
10018
9975
9933
9891
9849
9807
9765
9724
9682
9647
9600
9559
9530
9478
9438
9398
9358
9318
9279
9240
9200
9161
9122
9084
9045
9006
8977
8930
8892
8863
8817
8780
8742
8706
8668
8632
8597
8617
8509
8618
8441
6439
5628
3801
2622
1724
-946
-1536
-3031
-6472
-8330
-9704
-12548
-13416
-13228
-13289
-13238
-13217
-13216
-13216
-13235
-13216
-13216
-13222
-13216
-13217
-13217
-13217
-13216
-13216
-13217
-13217
-13216
-13217
-13217
-13216
-13216
-13239
-13216
-13216
-13218
-13216
-13217
-13217
-13217
-13216
-13216
-13216
-13217
-13217
-13216
-13221
-13216
-13216
-13237
-13216
-13217
-13217
-13216
-13216
-13217
-13217
-13216
-13216
-13217
-13217
-13216
-13216
-13224
-13216
-13216
-13233
-13216
-13216
-13217
-13217
-13216
-13217
-13217
-13217
-13216
-13218
-13218
-13219
-13217
-13188
-13117
-13062
-13018
-12949
-12895
-12841
-12786
-12731
-12677
-12624
-12570
-12516
-12464
-12411
-12358
-12305
-12267
-12201
-12149
-12106
-12046
-11996
-11945
-11894
-11843
-11793
-11743
-11694
-11643
-11594
-11545
-11496
-11446
-11414
-11350
-11302
-11259
-11206
-11158
-11112
-11064
-11017
-10970
-10924
-10878
-10831
-10785
-10747
-10744
-10637
-10736
-10346
-8579
-7778
-7520
-5862
-4114
-3538
-2998
-1913
-884
-817
-711
109
492
1515
2318
2550
3847
4823
4611
5210
6930
7285
7465
8652
9798
10611
11562
12722
13269
13250
13239
13230
13232
13214
13215
13215
13214
13214
13215
13216
13215
13214
13215
13215
13215
13214
13225
13214
13214
13228
13214
13214
13215
13214
13215
13215
13215
13214
13214
13214
13215
13214
13214
13228
13215
13216
13225
13218
13209
13158
13100
13043
12988
12933
12878
12822
12769
12714
12660
12606
12570
12499
12447
12400
12341
12289
12237
12185
12133
12081
12030
11979
11928
11877
11827
11777
11727
11696
11627
11578
11532
11480
11432
11383
11335
11286
11238
11191
11144
11096
11048
11004
10955
10909
10880
10816
10770
10724
10679
10633
10589
10544
10499
10454
10410
10366
10322
10278
10245
10262
10168
10274
9966
7547
5089
3021
23
-4300
-7494
-9845
-12789
-13469
-13234
-13301
-13232
-13225
-13216
-13216
-13231
-13216
-13217
-13217
-13216
-13217
-13217
-13217
-13217
-13216
-13217
-13217
-13216
-13216
-13230
-13216
-13216
-13227
-13216
-13217
-13217
-13217
-13216
-13217
-13217
-13217
-13216
-13217
-13217
-13217
-13216
-13233
-13229
-13283
-13199
-13363
-12822
-10490
-9791
-10268
-8350
-4626
-2536
-3283
-3654
-454
3183
4719
4800
5569
8340
10571
11439
12270
13061
12856
12735
12710
12624
12574
12520
12467
12416
12361
12308
12277
12205
12153
12102
12050
11999
11949
11898
11847
11796
11746
11697
11647
11597
11553
11499
11450
11417
11353
11334
11261
11264
11266
10134
9574
8439
5755
2374
-4
-251
-2955
-7673
-10193
-10402
-10562
-12419
-13385
-13197
-13267
-13238
-13217
-13217
-13216
-13216
-13216
-13217
-13217
-13217
-13229
-13216
-13216
-13228
-13216
-13217
-13217
-13217
-13216
-13217
-13217
-13217
-13216
-13216
-13217
-13216
-13216
-13233
-13218
-13217
-13228
-13211
-13160
-13102
-13046
-12989
-12934
-12880
-12825
-12771
-12716
-12663
-12609
-12555
-12521
-12448
-12396
-12347
-12291
-12238
-12187
-12136
-12083
-12032
-11981
-11931
-11880
-11829
-11780
-11729
-11678
-11649
-11580
-11531
-11483
-11433
-11384
-11337
-11289
-11241
-11193
-11145
-11099
-11051
-11004
-10962
-10911
-10864
-10834
-10772
-10727
-10682
-10636
-10591
-10546
-10501
-10457
-10412
-10368
-10324
-10281
-10236
-10200
-10149
-10106
-10076
-10020
-9979
-9936
-9894
-9852
-9810
-9769
-9727
-9685
-9644
-9631
-9630
-9463
-9758
-8425
-6044
-6633
-5717
-1784
1720
1841
1136
2749
4688
6721
7910
7753
8538
11012
13026
13327
13250
13271
13231
13214
13215
13215
13215
13214
13215
13215
13215
13214
13214
13215
13214
13214
13233
13214
13214
13220
13214
13215
13215
13215
13214
13214
13215
13215
13214
13215
13215
13214
13214
13237
13214
13214
13217
13214
13215
13215
13215
13214
13214
13214
13215
13215
13214
13219
13214
13214
13235
13214
13215
13217
13216
13219
13194
13136
13079
13023
12967
12913
12857
12802
12756
12694
12640
12602
12533
12480
12427
12374
12321
12269
12218
12166
12113
12062
12012
11960
11909
11869
11809
11758
11720
11658
11610
11560
11511
11462
11413
11365
11317
11268
11221
11173
11125
11078
11044
10984
10938
10899
10845
10799
10753
10723
10694
10586
10673
9965
8647
9237
9789
8358
7769
8011
8042
7400
7856
9484
8791
8707
9545
10240
9701
5878
3910
5718
7000
6843
4586
3017
5360
7875
9009
7248
4695
4875
6058
6289
5693
5067
5207
6522
7592
7049
5666
5372
5812
5946
4896
4015
3510
2665
3144
4206
3836
2806
1379
617
1167
680
-722
-1851
-2132
-1221
-963
-1177
-179
683
603
548
618
451
-604
-1635
-1868
-1561
-1362
-1368
-1161
-835
426
2039
2050
1302
1682
2285
2071
926
-432
-631
-353
537
1359
1508
2345
3439
3266
2739
2425
2053
1424
-176
-1332
-219
564
-513
-1899
-1447
1791
3832
2158
332
549
1130
1133
430
-142
5915
9290
9900
6282
-9567
-4761
3551
-6675
-13818
-13026
-13485
-13310
-13361
-13028
-11067
-12354
-13582
-9377
-1444
-2341
-11309
-13582
-13100
-13459
-13268
-13215
-13219
-13216
-13216
-13236
-13250
-13211
-13197
-13285
-11729
-11685
-13293
-13202
-13207
-13253
-13218
-13216
-13216
-13223
-13216
-13216
-13234
-13216
-13217
-13217
-13216
-13216
-13217
-13218
-13217
-13216
-13216
-13217
-13217
-13216
-13226
-13216
-13216
-13231
-13216
-13217
-13217
-13216
-13217
-13217
-13217
-13217
-13216
-13217
-13218
-13218
-13221
-13211
-13140
-13083
-13039
-12972
-12917
-12863
-12808
-12753
-12699
-12669
-12612
-12491
-12607
-11456
-10839
-12414
-12351
-13052
-322
13817
13817
-3444
-13818
-10097
-7820
-11904
-12367
-11920
-12266
-11744
-12397
-9520
-5097
-8706
-12045
-7420
1973
3056
-7348
-12284
-11443
-11822
-11691
-11444
-11571
-11197
-8582
-7094
-5631
-3748
-3425
-4247
-4373
-2465
-1667
-4944
-8784
-9112
-6037
-2869
-5223
-10043
-10137
-4729
-1168
-5475
-9519
-8430
-6941
-6311
-5625
-5063
-4595
-5534
-4901
-3013
-1478
-2199
-5035
-5764
-4247
-3584
-5330
-6565
-4767
-3382
-3875
-2487
-1021
-759
-557
71
1164
1551
967
33
147
1993
2787
2437
1361
1445
2507
2384
2060
4469
6899
6004
5042
6891
8473
7489
4345
3221
6063
7463
6450
5926
6825
12290
13441
13493
12906
-6170
-8261
7578
3604
-9615
-11622
-11169
-11212
-4191
6478
13345
11302
3567
3313
11433
13817
8073
-2378
-8164
-3544
-1825
-5024
-3911
35
2291
1881
3493
7829
9324
6568
2924
1499
1766
363
-1542
-1722
-949
1882
2975
1462
249
645
3794
5962
5197
3459
6959
7419
-1653
-2619
1955
-624
-3418
-2995
-1225
2121
739
-859
-474
-425
-187
-911
-619
406
121
-1095
-43
2738
2014
-593
-60
1819
2235
1200
-39
875
1427
1340
2480
3558
5575
6072
4438
3800
3699
3577
3597
2523
1771
2743
3762
5158
8212
10240
8937
6686
5378
6113
8390
7583
6272
7664
10113
12810
13817
12904
13817
8366
-7118
-5363
2164
-2333
-10982
-13058
-9445
-2663
3582
8674
11422
8528
3238
2877
6175
6077
997
-6560
-8647
-4671
-2354
-885
1821
4756
6184
6270
6886
7766
6665
3274
105
-1952
-2461
-1885
-1091
-608
330
2641
4348
4694
5058
5010
5217
5350
4072
2721
1557
535
734
746
1035
1898
3012
4279
4296
3287
1425
670
439
-1635
-2311
-1330
-1442
-1225
-174
1265
1921
1071
5
-683
-979
-1115
-1378
-412
796
998
527
123
1209
2284
2386
2143
1229
430
380
1008
1488
2062
2535
2450
3384
5667
6277
5833
5706
5205
4891
4456
3926
4147
4684
4897
4413
4075
4325
5955
8362
8387
6242
4944
5870
9592
10684
10596
13337
12951
13817
7289
-9828
-8431
-255
-3023
-9300
-9644
-5860
-2104
2700
9267
12442
7278
-2402
-5328
-169
2132
-2456
-9220
-10103
-5207
-2869
-1548
2250
5528
4813
2365
1874
2567
1126
-2345
-5274
-6227
-4168
-1835
-799
-142
1881
4182
3951
2579
2115
1497
679
-652
-2070
-1883
-1229
-1212
-1071
-571
557
1420
1752
2008
1952
370
-1301
-1182
-787
-1479
-2332
-2550
-1410
-302
2910
8339
3615
-7444
-8157
-2330
-631
-3689
-7555
-7507
-4047
-1165
1018
2497
1219
-2682
-4285
-2177
-392
-2730
-7618
-8288
-4351
-2010
-2813
-2813
-1443
-552
-195
353
546
-46
-737
-1298
176
1772
1060
177
636
1911
2612
2585
1863
1604
1592
1756
2138
2782
4623
5075
2730
2951
5980
5374
3378
4601
6340
6946
7001
7731
11313
13390
13031
13535
-3594
-13818
-3903
1273
-5453
-7868
-7573
-7365
-3623
3336
10140
11130
2145
-8323
-8066
-18
3225
-1759
-8544
-7673
-3362
-3197
-673
4822
5939
1511
-2794
-2655
-155
305
-2591
-6188
-6401
-3447
-1398
-369
715
1799
1264
-932
-1347
-304
698
117
-1448
-1776
-941
-42
482
704
515
-14
-802
-663
393
909
-862
-2841
-2621
-1465
-402
-617
-1462
-1206
-1031
-1244
-647
-220
-1166
-2583
-3047
-2011
-507
-159
-853
-1037
1366
6248
4939
-3859
-7943
-5483
-3630
-3682
-5352
-6103
-4331
-2599
-1152
2145
4181
306
-5828
-7235
-2986
473
-1440
-5044
-4965
-2261
-643
-336
355
442
-2117
-4852
-4126
-535
1420
-503
-2563
-1151
1031
1364
1203
1486
1764
1147
-249
-659
446
1301
541
-469
170
1328
1404
920
1536
2531
2199
1304
597
518
969
1005
1322
1977
1835
776
-523
-124
1857
2403
1756
2181
4008
5038
4499
4047
4359
4434
8427
12879
13817
9445
-11046
-13624
-2938
-2804
-6716
-5878
-5912
-4993
-1185
4381
11808
12187
-752
-12761
-10692
-2035
1188
-2725
-7443
-5613
-4629
-4569
2191
9795
8834
850
-5507
-5365
-1500
-353
-3753
-7064
-7213
-5058
-1293
2871
5099
4808
1120
-2249
-804
2172
2531
-185
-2904
-3644
-2081
201
2216
2350
891
-237
-299
964
2327
1917
-668
-2521
-2128
-1124
-166
458
111
-667
-1639
-1381
49
-82
-1228
-2055
-2244
-1821
-764
-90
206
462
568
-61
-515
-344
-246
-668
-1802
-1731
-1457
-53
5331
2926
-6530
-5523
464
816
-1705
-4691
-3995
-1139
-1580
-1573
992
1057
-2502
-4380
-2042
1623
2200
-1779
-3711
-748
854
-306
-273
1154
1475
-422
-1823
-247
1743
1747
-8
-1494
-909
807
1731
1272
1015
864
-89
-496
719
1683
1127
-408
-1566
-1099
297
1184
598
-187
-157
-47
163
773
1527
1109
56
-128
744
1507
1277
-477
-1158
-60
-835
-1520
47
1273
445
-217
447
1107
868
368
-59
628
1643
820
-373
-221
100
-511
-1140
-179
666
640
306
893
1661
1442
440
-341
-620
-423
-222
-505
-702
-744
-739
-384
129
1044
1599
1291
447
-345
-932
-1039
-943
-1243
-1646
-1472
-807
175
1190
1472
974
112
-508
-165
646
768
285
56
483
1152
2078
2500
2235
2504
2498
3890
9897
13564
13801
9089
-1895
-6584
-3897
-2892
-3785
-3289
-3430
-3654
-1401
2288
6105
7232
2466
-3876
-4937
-2137
-628
-1271
-2491
-3266
-3906
-4023
-595
4652
6293
3012
-1946
-4245
-3054
-1229
-1261
-2892
-4102
-3721
-2403
110
3285
4451
2253
-472
-983
172
1544
1625
107
-1558
-1710
-245
1607
3070
3500
2365
719
399
1084
1586
1052
-275
-1367
-1539
-718
286
1165
1347
409
-322
212
1379
1681
1227
494
-561
-1166
-743
-299
-11
578
536
36
172
856
961
700
194
-657
-977
-768
-475
-110
153
-19
-243
-380
-92
596
878
767
493
-117
-621
-353
-33
44
301
440
449
386
477
857
1119
550
-94
-327
-670
-730
-431
-300
-301
-319
-551
-196
769
1026
686
88
-459
-746
-884
-868
-567
-501
-806
-624
-59
457
674
524
164
-121
-400
-533
-382
-405
-410
-573
-803
-407
446
1052
985
461
312
554
508
576
667
261
-104
-173
-166
-54
171
44
-315
15
404
593
954
870
406
339
393
282
150
153
118
-272
-818
-857
-444
-133
111
457
355
146
385
651
634
473
195
-63
-194
-170
-51
-162
-476
-504
-96
265
393
246
-89
158
505
462
293
171
79
18
-20
-92
-156
-300
-332
-231
-48
88
10
-48
-51
-141
-251
-251
-374
-487
-368
-314
-426
-341
-180
-261
-113
267
461
459
557
641
446
349
421
354
129
-33
26
378
814
918
706
476
460
484
530
828
950
637
170
107
391
407
166
-71
-280
-328
-361
-421
-18
281
-10
-540
-650
-119
450
761
785
562
70
-252
53
228
-170
-470
-492
-336
120
538
846
943
742
640
771
1209
1378
830
186
-6
-20
-7
163
221
-10
-66
211
621
1176
1361
1085
779
407
-103
-450
-654
-880
-1050
-998
-655
-435
-267
-147
-51
-4
-81
-187
-200
-310
-368
-583
-743
-316
-134
-356
-436
-262
96
227
274
217
25
-164
-318
-164
318
391
158
-237
-367
107
378
287
64
-66
-214
-543
-327
253
345
-36
-322
-309
-4
165
-84
-406
-424
-449
-701
-563
-73
98
-186
-440
-204
217
287
92
-42
-151
-465
-616
-223
45
-209
-293
-43
140
-26
-388
-397
-210
-311
-679
-679
-235
183
169
-78
-236
-211
-122
-379
-611
-523
-372
-588
-881
-660
-316
-312
-243
-1
131
6
-283
-232
280
511
218
-350
-501
-108
68
15
148
478
263
-541
-733
-138
264
227
100
117
172
59
118
466
678
298
-431
-690
-297
-192
-673
-765
-323
-320
-814
-674
83
765
980
839
652
342
-54
-243
-64
292
170
-423
-528
-101
-57
-264
-15
140
-456
-1248
-1243
-547
275
922
1177
1110
743
577
792
796
422
-186
-953
-1425
-1083
-260
261
385
421
282
-134
-167
335
684
479
75
-255
-369
223
1191
1599
1416
1252
1600
2145
2253
2043
1502
452
-789
-1644
-1722
-1327
-1031
-1037
-993
-512
90
639
1356
1847
1639
615
-265
-353
-312
-593
-937
-789
-283
196
872
1767
2540
2757
2116
1095
684
774
743
471
144
34
-34
-347
-377
274
664
280
3
354
962
1291
1039
834
1097
1192
609
-8
205
737
409
-200
-120
206
-60
-573
-378
280
432
-25
-584
-359
603
868
292
268
1068
1326
793
1019
2093
2271
1176
345
623
1089
842
720
1281
1634
1388
1036
1072
1209
1066
782
700
898
945
649
557
741
701
370
193
363
753
816
316
-67
-78
-169
-534
-655
-98
56
-651
-924
-177
210
-68
-177
5
283
245
-55
70
610
702
210
-79
105
378
323
383
749
790
330
46
301
536
359
-159
-526
-508
-424
-331
-159
-59
-189
-491
-635
-308
198
197
-180
-342
-315
-316
-237
19
243
211
-4
-13
361
611
374
0
5
164
-135
-322
11
229
-125
-589
-315
-17
-207
-570
-495
-175
-469
-810
-422
9
-300
-682
-558
-494
-800
-1031
-1094
-1198
-1154
-976
-806
-609
-392
-567
-1030
-1137
-1006
-1001
-1193
-1311
-1250
-1186
-1208
-982
-676
-615
-452
-294
-272
-205
-54
-61
-272
-303
-260
-345
-290
-11
56
-132
-313
-408
-201
17
-177
-409
-164
-69
-389
-430
-61
-38
-380
-607
-498
-450
-653
-645
-643
-847
-722
-650
-758
-531
-308
-473
-817
-1028
-739
-538
-854
-1010
-856
-986
-1202
-1169
-812
-645
-981
-1076
-739
-808
-924
-768
-755
-871
-791
-716
-790
-687
-598
-588
-566
-532
-328
-254
-446
-317
-26
-86
-194
-80
-154
-200
-359
-603
-586
-508
-523
-776
-865
-408
-311
-869
-822
-348
-512
-936
-662
-271
-664
-881
-502
-365
-788
-777
-464
-477
-764
-959
-718
-596
-895
-1017
-701
-666
-1025
-895
-534
-668
-713
-217
-315
-755
-464
18
-203
-506
28
29
-857
-709
94
-14
-536
-553
-139
-116
-381
-470
-365
-118
-390
-956
-972
-829
-779
-493
-661
-1115
-680
-97
-355
-979
-762
-36
-600
-1431
-605
248
-412
-1253
-610
51
-738
-1192
-445
-117
-694
-768
-262
-483
-685
49
-338
-749
43
-37
-643
-410
49
70
-542
-463
363
-63
-619
-179
134
70
122
82
-50
240
423
202
289
422
310
216
-48
-142
376
537
-7
-103
551
554
218
436
535
226
345
488
200
250
342
328
131
222
536
349
77
32
313
788
461
-360
29
954
426
-464
320
493
-119
146
493
398
-11
368
1085
271
-399
408
625
-178
-364
100
476
-365
-864
358
668
-481
-414
699
274
-495
341
1011
-71
-406
748
960
-53
14
653
420
-53
16
410
215
223
643
464
331
491
508
372
352
446
438
190
514
312
24
446
556
135
53
586
686
-263
-151
503
75
-6
-513
-614
698
10
-1334
146
1275
-807
-1272
993
410
-1013
546
1257
-794
-924
1362
552
-1821
-260
1814
-204
-1523
716
1092
-622
-438
1145
773
-741
557
1031
-914
1
1554
-124
-1169
418
1194
-345
-1018
199
822
-26
-763
-518
61
426
-159
-691
-152
375
486
-360
-1070
525
1407
-986
-1630
631
460
-821
-747
80
615
-45
-569
-17
468
-92
-781
-246
-31
-831
-184
-198
-1161
-383
747
-272
-1701
248
1415
-803
-1436
510
834
-714
-1125
1032
234
-1326
303
317
-606
144
33
-157
954
462
-275
1001
1039
-317
522
523
-411
243
272
47
-335
-120
809
-312
-688
996
433
-148
514
-92
-295
236
762
340
-1223
-343
2008
-333
-2038
1654
1697
-1257
-781
566
768
446
-79
454
944
282
-267
186
835
85
306
798
-219
312
2140
690
-1014
1303
1615
-914
-814
1544
1232
-1030
51
1350
-437
-589
2273
726
-831
1546
1692
-503
626
2388
599
-829
908
2410
534
-888
1962
1862
-1597
275
2030
-494
-426
1723
1278
-1903
-649
2991
-430
-2566
1966
1890
-1817
-896
1306
1276
197
-534
384
1186
314
40
1068
696
247
1715
292
-250
2034
1860
457
77
1338
2376
168
-391
1987
2113
334
-308
1393
1262
-190
1101
624
-815
-360
506
-351
-1182
535
736
-2145
-1172
836
-1604
-2039
-54
-829
-2854
-2237
-706
-1998
-2208
-1029
-1571
-1834
-1201
-798
-527
-513
-73
-834
-1911
-309
-190
-1153
-1053
-834
-667
-301
-164
-348
402
711
-930
-537
64
-801
-561
-822
-1713
-383
-958
-1981
-902
-299
-1089
-1279
-675
-435
120
447
248
388
1408
841
118
1608
1836
516
237
1241
1150
1242
1574
570
1543
2863
1368
885
2853
2661
1314
1213
2141
1575
1994
2144
712
1880
2860
1206
1261
2328
2237
1835
1672
1917
2807
3136
2496
2217
3253
3178
1696
2838
2908
1938
3060
3125
2192
2881
3962
2907
1934
3828
3827
1773
3169
3549
972
1974
2835
790
314
1880
1304
-168
1097
2092
913
1835
3378
2372
2767
4162
3369
2498
3401
3668
2623
2366
3029
3362
2835
2095
2051
2616
2657
1776
2204
2792
3100
2658
2960
3720
3195
3465
3397
3171
4660
4565
2401
2759
3974
3422
2234
3220
4838
4092
3690
4811
5275
4356
4605
3913
3005
4027
3680
2578
2961
3644
4137
2983
2245
4859
4427
2395
3832
4768
2903
2698
4007
3392
3000
3936
3208
2682
3588
2769
1346
1572
1685
538
-669
-116
-427
-902
-1083
-1784
-1288
-1517
-2897
-2474
-2653
-3049
-2488
-2527
-2757
-2161
-2236
-3500
-3557
-3067
-3949
-4235
-4831
-5286
-5310
-6349
-6225
-5644
-6045
-5837
-5639
-6498
-5639
-5544
-6293
-6185
-7052
-7927
-7865
-8304
-8330
-8151
-8642
-9086
-8716
-8454
-8726
-7781
-7584
-9146
-9346
-9134
-9903
-10326
-9432
-9493
-10901
-10449
-10215
-11453
-10530
-9468
-10986
-11207
-9906
-10803
-11201
-9077
-9036
-10371
-9664
-8999
-9703
-8780
-7569
-8750
-8966
-7762
-8517
-8172
-5917
-6228
-6774
-5998
-5864
-5814
-5118
-4041
-3639
-3773
-3501
-3282
-3192
-2107
-1934
-2620
-1651
-1709
-2873
-1585
-932
-1652
-377
210
-783
455
1275
-426
83
1128
-850
-947
597
-22
-44
1043
802
120
175
690
283
-333
38
7
-356
-232
-724
-793
-184
-635
-1009
-399
-318
-1237
-1144
-704
-1279
-1261
-846
-1627
-1180
-647
-1590
-1908
-2302
-2511
-2910
-3287
-1880
-2466
-3105
-2072
-2213
-2078
-1325
-1663
-1832
-1770
-1950
-2140
-1521
-931
-1520
-737
-62
-881
-99
492
-336
-45
130
-721
-600
64
-35
-667
43
471
105
857
1240
1475
1809
1849
1768
1970
2817
3465
3501
4197
4565
4437
4980
4954
4782
4560
4439
4079
2887
2634
2679
1545
646
149
-680
-986
-1594
-2326
-2714
-2690
-3624
-5007
-4810
-4386
-4897
-5457
-5383
-5141
-5555
-6064
-5911
-6014
-6458
-7017
-7722
-7735
-7478
-8108
-8497
-8110
-8224
-8857
-9034
-9455
-9850
-10192
-11007
-11242
-10998
-10978
-10919
-10867
-10819
-10773
-10741
-10682
-10636
-10591
-10546
-10501
-10458
-10413
-10368
-10324
-10281
-10237
-10194
-10150
-10115
-10064
-10021
-9990
-9936
-9894
-9852
-9811
-9769
-9728
-9687
-9645
-9604
-9564
-9523
-9482
-9442
-9412
-9362
-9322
-9290
-9243
-9204
-9166
-9126
-9088
-9049
-9010
-8972
-8934
-8897
-8859
-8821
-8783
-8776
-8811
-8699
-8929
-8003
-4519
-1112
1917
4850
7777
10718
13028
13395
13260
13281
13224
13214
13235
13214
13214
13219
13214
13215
13216
13215
13215
13215
13215
13215
13214
13214
13217
13214
13214
13236
13214
13214
13215
13214
13215
13215
13215
13214
13214
13214
13215
13215
13214
13220
13214
13214
13233
13214
13214
13215
13215
13215
13215
13215
13215
13214
13215
13215
13214
13214
13224
13214
13214
13230
13214
13215
13215
13215
13214
13215
13215
13214
13215
13216
13216
13219
13202
13159
13089
13034
12989
12922
12868
12813
12759
12704
12651
12597
12544
12490
12437
12385
12331
12279
12242
12175
12124
12079
12021
11970
11919
11868
11818
11768
11718
11669
11619
11569
11521
11472
11423
11392
11325
11278
11234
11182
11135
11088
11041
10993
10947
10901
10855
10808
10762
10718
10671
10625
10598
10535
10491
10447
10402
10358
10314
10271
10230
10215
10137
10169
9974
8837
8150
7662
6922
6316
5910
5478
5049
4824
4528
4034
3596
3200
2662
2315
2220
1994
1687
1627
1656
1490
1211
1012
889
767
488
135
-216
-711
-1192
-1609
-2138
-2648
-3092
-3722
-4435
-5073
-5835
-6659
-7286
-7804
-8350
-9103
-9858
-10390
-11010
-11824
-12503
-13063
-13270
-13229
-13232
-13236
-13216
-13216
-13226
-13216
-13217
-13217
-13217
-13216
-13217
-13217
-13217
-13216
-13216
-13217
-13216
-13216
-13235
-13216
-13216
-13222
-13216
-13217
-13219
-13234
-13226
-13257
-13194
-12568
-11882
-11257
-10394
-9707
-9142
-8320
-7498
-6880
-6191
-5547
-4935
-4473
-4109
-3682
-3299
-2830
-2266
-1664
-998
-403
53
324
766
1465
2134
2639
3000
3255
3245
3314
3554
3668
3714
3699
3482
3156
3052
2874
2529
2116
1875
1620
1248
855
445
-191
-872
-1426
-2227
-3045
-3811
-4440
-5130
-5955
-6611
-7317
-7907
-8204
-8537
-9061
-9524
-10064
-10729
-11286
-11780
-12405
-13080
-13269
-13221
-13183
-13124
-13051
-12994
-12948
-12884
-12830
-12776
-12721
-12667
-12613
-12560
-12507
-12453
-12400
-12348
-12295
-12243
-12208
-12139
-12087
-12042
-11985
-11934
-11884
-11834
-11783
-11733
-11683
-11635
-11584
-11535
-11487
-11437
-11389
-11360
-11292
-11245
-11199
-11149
-11102
-11055
-11008
-10961
-10915
-10869
-10823
-10776
-10730
-10688
-10639
-10594
-10566
-10505
-10460
-10416
-10372
-10328
-10284
-10241
-10197
-10153
-10111
-10068
-10025
-9982
-9945
-9897
-9855
-9826
-9772
-9731
-9690
-9648
-9607
-9567
-9527
-9486
-9445
-9405
-9365
-9325
-9286
-9254
-9208
-9185
-9142
-9125
-9045
-8441
-7847
-7348
-6808
-6300
-5801
-5236
-4742
-4333
-3805
-3081
-2456
-1831
-1166
-590
-44
531
1197
1778
2267
2761
3275
3758
4155
4626
5032
5444
5827
6148
6474
6785
7102
7334
7569
7821
8110
8283
8343
8497
8653
8665
8654
8741
8773
8753
8855
8936
8857
8841
8860
8768
8828
8952
8887
8756
8816
8766
8677
8769
8794
8681
8704
8747
8672
8703
8736
8780
8810
8846
8873
8948
9070
9111
9168
9105
8927
8910
8960
8855
8864
8897
8804
8736
8755
8757
8718
8690
8642
8625
8461
8384
8431
8308
8241
8194
8132
8163
8051
7964
7958
7850
7803
7801
7762
7773
7931
8132
8102
8095
8260
8276
8280
8301
8236
8172
8207
8260
8193
8112
8120
8003
7850
7764
7762
7834
7708
7526
7517
7379
7270
7146
7056
6938
6861
6827
6636
6594
6718
6663
6520
6488
6411
6269
6161
6133
6101
6042
5946
5882
5883
5879
5777
5647
5423
5263
5283
5256
5274
5241
5144
5075
5010
4942
4956
4845
4653
4509
4345
4158
4129
4112
3933
3771
3686
3571
3490
3462
3424
3404
3324
3310
3299
3228
3232
3169
3028
2981
2934
2759
2667
2685
2715
2740
2866
3028
3109
3214
3319
3338
3238
3215
3333
3327
3341
3419
3472
3499
3584
3704
3720
3756
3860
3935
3856
3863
3961
3966
3858
3807
3804
3775
3791
3746
3770
3662
3559
3567
3452
3456
3503
3434
3358
3246
3153
3117
3113
3143
3059
2894
2791
2754
2732
2579
2560
2672
2547
2455
2453
2331
2247
2299
2296
2229
2227
2267
2193
2156
2142
2073
1927
1873
1937
1863
1694
1662
1666
1623
1596
1652
1698
1738
1742
1820
1957
1943
1981
2079
2029
1970
2000
1999
1957
1923
1911
1859
1883
1892
1857
1946
2043
2120
2114
2044
2085
2133
2092
2106
2259
2285
2182
2181
2199
2162
2171
2120
2044
2122
2234
2250
2221
2215
2256
2208
2081
2065
2070
1932
1817
1801
1976
2142
2069
2034
1954
1894
1971
1981
1960
1997
2057
1975
1933
2019
2091
2045
2039
2079
2004
1973
1941
1820
1690
1674
1631
1564
1542
1599
1657
1629
1531
1387
1272
1207
1199
1167
1141
1099
1023
976
871
834
752
615
541
503
465
371
319
219
25
-56
-151
-261
-236
-297
-442
-552
-737
-830
-877
-865
-779
-813
-963
-1096
-1165
-1213
-1269
-1343
-1441
-1541
-1649
-1783
-1795
-1818
-1865
-1922
-2042
-2115
-2073
-2111
-2138
-2221
-2348
-2416
-2501
-2539
-2583
-2702
-2816
-2948
-2983
-2949
-2911
-2913
-3008
-3051
-3046
-3189
-3218
-3167
-3120
-3059
-2982
-2987
-3049
-3134
-3177
-3165
-3139
-3129
-3163
-3112
-3103
-3109
-3124
-3172
-3174
-3116
-3123
-3199
-3222
-3119
-3177
-3264
-3249
-3312
-3373
-3340
-3304
-3290
-3320
-3347
-3401
-3537
-3497
-3418
-3448
-3376
-3312
-3241
-3209
-3271
-3182
-3134
-3152
-3170
-3142
-3154
-3277
-3311
-3252
-3248
-3167
-3094
-3219
-3260
-3063
-2938
-2880
-2864
-2806
-2864
-2910
-2919
-2906
-2867
-2845
-2825
-2776
-2725
-2677
-2534
-2534
-2612
-2511
-2513
-2530
-2476
-2420
-2491
-2546
-2615
-2611
-2530
-2487
-2427
-2467
-2581
-2588
-2478
-2414
-2319
-2134
-2038
-1995
-1994
-1883
-1849
-1879
-1775
-1740
-1772
-1764
-1713
-1747
-1743
-1729
-1657
-1570
-1504
-1476
-1504
-1518
-1581
-1590
-1572
-1619
-1681
-1694
-1687
-1708
-1699
-1670
-1662
-1637
-1557
-1638
-1733
-1700
-1653
-1590
-1640
-1628
-1615
-1680
-1676
-1651
-1632
-1620
-1664
-1692
-1734
-1685
-1482
-1445
-1530
-1592
-1641
-1660
-1645
-1533
-1505
-1531
-1626
-1719
-1814
-1843
-1751
-1716
-1697
-1696
-1670
-1705
-1734
-1679
-1633
-1583
-1616
-1719
-1644
-1700
-1883
-1916
-1921
-1920
-1919
-1937
-1881
-1853
-1839
-1888
-1867
-1770
-1748
-1737
-1743
-1734
-1690
-1714
-1788
-1792
-1772
-1818
-1930
-2015
-1964
-1930
-1907
-1877
-1898
-1907
-1791
-1749
-1786
-1751
-1770
-1810
-1766
-1756
-1778
-1753
-1708
-1658
-1624
-1608
-1579
-1522
-1483
-1479
-1457
-1449
-1410
-1344
-1328
-1323
-1285
-1350
-1408
-1414
-1487
-1559
-1608
-1642
-1669
-1632
-1583
-1554
-1594
-1697
-1676
-1659
-1607
-1577
-1626
-1624
-1709
-1840
-1879
-1834
-1811
-1833
-1851
-1943
-1973
-1940
-1928
-1941
-1869
-1789
-1720
-1635
-1429
-1305
-1332
-1290
-1382
-1389
-1331
-1287
-1214
-1180
-1222
-1223
-1172
-1120
-1041
-994
-1010
-996
-937
-854
-732
-649
-715
-766
-779
-816
-740
-653
-667
-750
-858
-967
-1024
-942
-801
-676
-626
-580
-561
-596
-641
-654
-635
-621
-570
-534
-434
-396
-417
-267
-293
-403
-221
-340
-528
-260
-269
-471
-455
-649
-773
-731
-758
-626
-522
-507
-457
-479
-539
-537
-500
-413
-387
-248
-221
-261
-301
-407
-275
-171
-229
-194
-99
-206
-71
11
-9
252
344
218
395
539
426
242
87
-6
72
53
-57
62
177
-3
84
56
-45
0
-17
-60
-68
-5
21
-55
-81
81
181
171
219
240
184
176
236
245
351
494
498
510
526
560
619
619
656
794
753
709
740
794
873
964
1026
970
915
946
926
865
783
821
841
912
1012
1098
1054
928
919
920
974
996
998
993
955
964
972
959
1044
1176
1232
1245
1223
1298
1351
1327
1476
1479
1262
1275
1450
1295
1259
1439
1322
1251
1414
1443
1405
1438
1400
1260
1093
1144
1225
1165
1133
1253
1376
1283
1260
1340
1255
1170
1222
1219
1232
1316
1326
1350
1207
1165
1203
1153
1198
1335
1315
1288
1370
1297
1168
1181
1188
1084
1168
1160
1134
1239
1200
1144
1052
1063
1135
1233
1246
1215
1190
1080
970
952
863
807
916
928
881
918
945
881
725
688
690
662
685
700
607
583
478
341
297
175
190
219
267
349
389
278
207
261
161
108
166
180
183
211
201
169
143
34
21
128
117
59
97
-9
-96
-42
-88
-147
-202
-241
-250
-267
-266
-334
-393
-439
-367
-357
-351
-302
-303
-408
-506
-531
-582
-673
-746
-807
-833
-920
-935
-897
-882
-882
-783
-712
-674
-595
-600
-557
-473
-491
-584
-587
-610
-486
-300
-260
-188
-135
-159
-151
-79
-41
-3
-2
-1
-33
-107
-89
-201
-335
-370
-389
-414
-409
-278
-235
-267
-318
-326
-313
-331
-325
-260
-243
-186
-36
-38
-77
-18
21
-79
-126
-41
24
-5
-69
-80
-58
1
36
22
77
166
126
46
109
179
205
227
252
354
454
473
543
635
562
462
462
517
560
630
713
787
879
779
670
650
621
594
461
406
447
513
527
517
629
689
687
740
877
992
994
993
1035
1012
983
994
934
940
952
896
854
838
852
880
935
946
977
986
953
963
1000
1006
1029
1034
1013
1049
1052
1062
1044
948
833
794
772
821
904
918
860
807
716
643
659
735
838
932
942
981
1019
949
905
903
854
818
773
779
691
661
685
769
838
915
1082
1199
1195
1189
1152
1112
1045
1002
1072
1219
1237
1127
1036
840
775
793
716
712
717
640
490
344
360
418
393
372
343
335
247
215
213
226
242
230
271
320
376
374
314
274
260
206
250
398
524
535
506
525
527
552
576
528
549
540
488
487
396
309
319
346
281
280
328
298
261
231
205
123
35
-3
-13
-65
-203
-347
-454
-507
-519
-527
-647
-609
-593
-625
-539
-433
-354
-269
-267
-213
-203
-317
-342
-282
-217
-123
-114
-141
-151
-110
-91
-56
-9
47
121
107
99
86
26
-22
-82
-124
-204
-258
-205
-250
-286
-414
-625
-696
-735
-778
-769
-710
-725
-852
-921
-902
-819
-755
-727
-693
-643
-657
-696
-723
-727
-701
-691
-741
-813
-758
-637
-619
-560
-428
-373
-389
-405
-386
-391
-396
-401
-472
-570
-635
-733
-772
-763
-784
-874
-937
-955
-890
-814
-787
-815
-849
-904
-944
-983
-1034
-1079
-1121
-1179
-1195
-1185
-1183
-1162
-1208
-1242
-1161
-1150
-1129
-1032
-940
-838
-779
-735
-742
-709
-604
-509
-471
-447
-442
-382
-330
-303
-248
-293
-291
-301
-330
-336
-385
-419
-474
-533
-460
-382
-341
-243
-286
-396
-546
-615
-652
-704
-710
-695
-735
-727
-681
-622
-550
-566
-586
-625
-596
-515
-486
-472
-426
-355
-302
-287
-321
-276
-216
-183
-116
-48
68
142
181
150
41
4
62
59
101
93
19
-26
11
11
-72
-140
-153
-179
-237
-242
-221
-296
-380
-383
-386
-442
-455
-448
-450
-493
-473
-492
-463
-365
-249
-216
-240
-182
-130
-103
-34
9
-3
-1
15
32
181
310
342
407
415
430
530
612
584
522
445
415
441
479
440
397
365
359
388
385
338
259
230
274
319
323
336
321
242
195
145
133
175
202
178
63
28
70
40
65
130
101
37
0
97
202
189
174
161
107
82
155
261
263
324
354
318
382
360
278
260
201
167
175
129
166
240
183
175
152
88
100
66
43
-13
-144
-217
-239
-214
-159
-112
-207
-331
-299
-305
-285
-265
-334
-303
-280
-267
-258
-211
-99
-24
31
6
43
77
131
128
155
109
22
-48
-57
-42
-84
-89
-177
-239
-138
-86
-100
-59
-40
-97
-111
-80
-17
74
161
129
127
109
-32
-64
-76
-38
43
87
3
-143
-140
-155
-155
-37
62
73
80
63
87
57
148
363
418
467
474
468
416
308
288
332
336
307
303
255
149
105
15
-44
-9
58
96
86
66
24
-130
-216
-202
-238
-119
-5
34
-4
-31
21
6
-42
-7
77
99
118
105
123
184
236
281
251
308
304
223
266
382
446
435
358
298
309
331
283
371
460
438
476
514
546
613
611
556
568
544
448
358
293
214
121
78
53
-9
55
173
154
100
12
-34
-80
-125
-85
-105
-19
31
-117
-223
-323
-305
-300
-317
-249
-159
-49
-71
-12
64
37
72
141
124
145
134
40
30
-30
-76
-94
-159
-182
-137
-289
-443
-460
-532
-543
-519
-463
-438
-480
-534
-550
-611
-692
-675
-659
-698
-695
-652
-633
-563
-519
-507
-465
-500
-473
-471
-519
-539
-522
-489
-414
-318
-310
-358
-337
-386
-458
-434
-381
-396
-452
-376
-320
-357
-367
-384
-398
-426
-425
-446
-509
-563
-632
-716
-710
-734
-717
-638
-619
-595
-580
-536
-496
-449
-479
-455
-421
-414
-485
-536
-477
-448
-462
-466
-412
-359
-332
-334
-398
-423
-330
-270
-227
-182
-217
-287
-310
-312
-342
-420
-463
-499
-626
-707
-676
-619
-476
-269
-146
-187
-250
-254
-261
-210
-228
-191
-182
-261
-278
-243
-247
-262
-226
-240
-264
-225
-248
-259
-221
-185
-153
-128
-48
-26
-114
-140
-127
-157
-142
-66
-58
-79
-32
11
-30
17
16
-84
-71
-60
-43
-31
-67
-27
36
-9
-40
-30
-18
43
158
193
183
269
306
273
318
402
369
217
86
57
9
-27
-64
-133
-186
-178
-184
-178
-177
-184
-215
-284
-300
-289
-268
-291
-292
-250
-272
-237
-128
-23
-91
-143
-111
10
70
178
333
354
347
351
405
500
520
479
425
401
379
392
314
241
201
100
31
46
14
34
80
35
-78
-106
-144
-251
-313
-374
-485
-662
-695
-660
-622
-612
-591
-526
-499
-371
-236
-191
-152
-108
-20
-38
-52
-28
-38
-55
7
53
70
135
211
234
209
259
267
241
309
457
512
323
225
235
172
127
19
-38
-47
-54
-89
-139
-144
-92
-65
-140
-242
-267
-223
-240
-256
-215
-190
-192
-254
-229
-299
-298
-263
-269
-186
-62
67
30
-77
-9
59
106
226
293
374
392
433
585
588
584
533
436
369
347
315
263
285
296
173
116
184
251
320
338
252
246
150
103
102
110
143
139
134
96
139
111
-39
-101
-83
-28
61
181
266
234
231
280
264
216
266
310
299
290
188
114
97
119
127
2
-129
-78
-2
-8
-34
-45
-65
-96
-2
118
159
156
94
49
-31
-65
8
75
28
-105
-275
-351
-319
-355
-417
-419
-383
-334
-292
-245
-205
-208
-202
-126
-124
-84
-29
-65
-182
-270
-274
-291
-323
-334
-326
-309
-287
-276
-237
-232
-249
-194
-195
-156
-31
49
-3
-44
-154
-257
-207
-138
-151
-243
-334
-403
-375
-295
-202
-176
-276
-327
-331
-392
-386
-422
-515
-488
-503
-596
-609
-596
-599
-632
-598
-619
-635
-469
-301
-272
-261
-369
-375
-229
-134
-35
7
0
-81
-78
-3
119
171
110
132
160
112
32
-114
-295
-360
-413
-521
-627
-690
-711
-764
-754
-777
-716
-592
-525
-515
-567
-622
-628
-597
-574
-462
-359
-351
-356
-305
-248
-268
-281
-168
-19
79
115
114
107
97
160
242
307
377
377
328
228
260
248
150
167
210
173
73
54
29
-72
-63
-33
-76
-132
-157
-192
-239
-286
-342
-465
-561
-573
-554
-565
-629
-662
-612
-510
-361
-234
-231
-269
-236
-194
-170
-121
-79
-80
-191
-194
-135
-128
-111
-103
-134
-168
-141
-101
-48
-87
-84
-59
-92
-156
-164
-171
-221
-283
-470
-537
-476
-401
-391
-388
-380
-486
-529
-532
-438
-299
-188
-116
-125
-155
-175
-137
-128
-75
9
19
-44
-55
19
48
129
196
169
208
331
420
513
452
261
145
144
207
319
399
411
423
385
325
360
398
443
458
491
524
504
441
339
357
336
372
496
571
705
753
716
788
831
783
836
884
945
937
912
949
873
691
569
640
702
745
839
862
889
844
789
827
817
750
729
691
659
590
482
379
325
261
220
266
330
489
546
490
471
341
205
268
444
581
621
575
556
463
414
438
347
303
405
487
457
450
455
399
312
310
340
372
403
441
456
340
262
347
405
460
484
552
598
664
839
871
759
745
807
821
812
887
872
783
716
583
495
439
340
263
250
264
329
310
250
273
248
165
69
58
47
-40
-51
-89
-200
-236
-230
-233
-127
-7
48
101
177
189
165
155
179
309
374
361
349
335
403
379
274
309
328
358
373
384
369
339
323
299
309
367
326
228
159
43
-39
-31
-108
-246
-206
-132
-117
-124
-141
-108
-92
-153
-166
-84
-77
-63
-38
-93
-130
-124
-124
-149
-152
-77
-25
16
73
107
135
96
113
198
250
317
348
223
79
36
33
61
53
18
-38
-64
-96
-70
22
34
41
75
46
99
181
128
156
186
131
100
76
97
155
188
96
7
-64
-69
41
79
102
120
61
16
105
231
245
125
55
21
9
5
-39
81
134
130
77
28
70
168
239
204
233
252
212
219
221
258
321
336
313
320
289
305
236
210
311
290
238
215
168
136
142
118
112
96
83
88
85
172
197
204
157
134
185
124
109
107
48
-105
-209
-262
-238
-237
-284
-351
-384
-361
-330
-286
-257
-113
-86
-188
-220
-216
-171
-183
-218
-283
-269
-215
-206
-151
-163
-291
-419
-477
-491
-410
-337
-364
-378
-319
-282
-305
-349
-392
-437
-555
-672
-734
-756
-754
-780
-834
-914
-878
-814
-770
-699
-666
-730
-797
-785
-753
-757
-757
-760
-811
-872
-924
-956
-994
-1039
-928
-830
-803
-736
-777
-808
-808
-812
-857
-938
-1001
-980
-886
-908
-966
-911
-789
-740
-667
-568
-485
-504
-585
-645
-646
-738
-877
-859
-791
-803
-855
-838
-784
-709
-661
-705
-695
-668
-676
-698
-747
-868
-869
-812
-808
-711
-632
-532
-469
-456
-530
-574
-534
-481
-459
-471
-469
-454
-442
-523
-525
-568
-683
-688
-649
-641
-715
-732
-672
-589
-612
-529
-365
-329
-381
-422
-475
-477
-317
-233
-181
-114
-28
-40
-80
-22
53
76
-14
17
56
88
94
59
54
78
217
294
350
395
325
271
287
359
351
323
313
346
271
182
142
99
154
189
217
252
267
347
371
314
327
286
273
347
379
438
386
376
437
467
549
687
668
481
444
541
515
549
603
557
527
471
497
472
390
449
470
419
427
418
317
261
250
309
273
273
304
198
26
-27
-27
-7
0
162
239
188
208
260
349
445
534
543
522
591
556
528
545
578
603
595
597
663
685
557
516
466
404
367
374
440
449
405
361
251
218
231
146
123
158
251
226
121
120
140
122
107
122
113
235
377
353
344
352
425
477
345
327
433
437
386
281
290
315
343
331
341
426
450
388
333
345
458
512
422
381
492
418
341
323
313
355
308
304
318
304
305
249
269
290
211
173
154
192
199
172
164
134
123
132
103
97
180
261
357
440
538
551
522
445
379
374
344
336
344
414
406
347
335
311
380
434
463
465
391
308
323
266
183
254
355
435
449
408
316
309
304
246
293
341
367
361
280
259
210
172
195
234
194
158
177
19
-41
64
85
110
245
301
226
155
99
86
41
-33
-85
-36
40
28
-38
-85
-10
44
-54
-69
71
186
215
204
176
198
195
160
110
-5
-44
-92
-182
-178
-43
8
-57
-2
28
36
101
148
200
189
59
44
59
118
234
265
218
194
142
82
40
95
104
93
185
228
210
251
250
303
379
459
496
471
450
460
500
554
541
485
378
382
393
352
417
431
356
360
368
345
309
162
88
85
53
-22
-1
111
78
-37
-95
-99
-60
30
85
141
211
109
106
138
242
355
281
162
118
96
143
196
156
256
375
305
284
329
348
387
298
82
70
102
20
77
198
158
40
-52
-106
-62
-32
-95
-158
-164
-158
-235
-218
-242
-302
-292
-387
-426
-417
-444
-516
-558
-509
-444
-501
-493
-366
-365
-437
-402
-360
-365
-345
-384
-357
-267
-224
-299
-421
-471
-438
-440
-544
-590
-580
-589
-546
-517
-534
-522
-550
-566
-541
-601
-706
-744
-730
-683
-655
-663
-610
-526
-583
-678
-699
-544
-536
-582
-485
-475
-532
-578
-594
-593
-598
-653
-741
-643
-530
-545
-576
-602
-602
-602
-641
-609
-649
-806
-911
-895
-922
-941
-864
-832
-849
-876
-876
-902
-920
-907
-870
-824
-763
-796
-926
-970
-939
-912
-1008
-1066
-1119
-1142
-1099
-1095
-1078
-1030
-956
-977
-955
-938
-963
-939
-905
-845
-881
-997
-1041
-1018
-1047
-1040
-968
-980
-1035
-1123
-1096
-1019
-1053
-1031
-977
-957
-888
-884
-916
-897
-790
-708
-736
-707
-644
-587
-551
-508
-519
-584
-643
-598
-442
-431
-409
-409
-456
-428
-374
-365
-407
-394
-326
-246
-235
-218
-121
-90
-126
-154
-126
-81
-15
-14
-146
-249
-242
-314
-305
-178
-59
-18
-46
20
107
185
201
225
315
301
215
213
315
338
314
265
294
387
429
486
546
630
665
537
455
506
539
490
471
486
527
530
471
492
541
576
629
625
601
713
735
788
941
1066
1108
1000
965
976
971
1035
985
935
994
1055
1019
993
945
927
933
975
912
868
804
761
770
775
743
761
834
792
754
690
681
680
702
780
658
578
562
546
420
422
546
517
527
544
435
372
313
299
390
420
433
344
185
219
243
299
382
380
360
297
282
301
282
307
363
341
276
331
363
355
377
366
347
400
479
493
438
407
406
324
248
350
406
352
341
317
309
276
249
205
165
170
134
114
77
138
152
115
99
83
108
41
11
1
-106
-161
-181
-266
-249
-170
-103
-57
-14
66
142
215
186
161
204
182
154
240
230
193
204
128
51
96
201
177
152
191
164
79
48
57
2
-125
-152
-186
-230
-207
-119
-128
-168
-100
-33
-57
21
35
46
27
37
193
285
240
298
348
240
187
245
194
243
380
376
358
330
304
385
428
490
599
542
407
420
425
373
384
386
340
242
290
262
113
95
109
99
2
-58
-56
-122
-141
-66
-66
-60
-97
-129
-64
7
112
180
176
219
181
118
99
49
221
323
226
206
225
178
168
199
150
86
186
203
92
88
54
-79
-167
-198
-176
-187
-224
-357
-426
-365
-298
-326
-374
-369
-275
-334
-397
-437
-360
-314
-376
-440
-434
-376
-307
-271
-243
-154
-164
-194
-146
-59
-13
-38
-89
-181
-199
-151
-140
-143
-91
-29
-109
-100
-144
-207
-158
-221
-294
-343
-410
-418
-426
-531
-522
-435
-459
-523
-524
-499
-541
-611
-693
-684
-631
-585
-711
-753
-652
-627
-577
-576
-521
-454
-379
-379
-306
-120
-80
-159
-187
-71
25
116
165
156
69
2
-30
-87
-73
-34
-67
-100
-85
-88
-163
-238
-285
-359
-401
-417
-364
-396
-501
-506
-585
-682
-692
-586
-521
-506
-456
-486
-607
-660
-581
-579
-674
-612
-457
-426
-454
-496
-485
-459
-438
-423
-405
-326
-265
-342
-423
-305
-200
-200
-159
-92
18
4
5
46
39
14
-62
-148
-178
-162
-143
-164
-288
-373
-429
-394
-348
-315
-262
-363
-432
-447
-406
-360
-268
-170
-210
-279
-392
-459
-477
-450
-419
-426
-456
-495
-435
-380
-340
-372
-396
-478
-473
-282
-170
-175
-151
-200
-299
-273
-161
-100
-81
-205
-264
-344
-357
-293
-164
-87
-99
-63
-107
-106
45
66
32
15
1
50
78
112
93
39
35
70
27
59
207
242
99
53
102
93
153
192
222
204
200
258
298
199
215
272
248
278
320
355
374
379
350
347
341
340
336
362
429
409
350
347
403
429
444
442
492
556
583
536
579
652
672
677
749
839
895
892
798
751
834
883
961
1023
1005
990
952
859
779
805
832
837
838
837
754
628
742
734
661
647
710
820
764
689
702
673
612
613
675
760
736
646
606
558
576
603
560
610
795
888
837
756
700
797
783
743
875
961
1032
1032
984
952
1022
1097
1106
1071
1115
1129
1017
1041
1146
1131
1037
1070
1036
885
922
932
858
881
890
840
799
769
822
753
624
632
656
549
461
531
514
340
219
183
163
133
169
190
159
230
245
111
60
180
177
137
134
171
190
100
31
15
-41
-35
91
170
45
-38
-24
-44
-25
64
121
83
100
138
20
0
22
-48
-79
-40
6
-33
-91
-73
-151
-248
-290
-235
-256
-264
-309
-452
-544
-592
-571
-603
-654
-623
-617
-680
-621
-436
-357
-363
-360
-343
-407
-439
-415
-405
-422
-432
-377
-319
-170
-72
-85
-100
-124
-176
-154
-169
-199
-169
-224
-258
-204
-317
-382
-264
-320
-421
-506
-459
-381
-434
-367
-379
-404
-369
-409
-408
-345
-304
-406
-529
-531
-501
-544
-571
-558
-474
-447
-415
-339
-351
-379
-393
-407
-396
-390
-248
-125
-165
-174
-227
-348
-308
-195
-151
-21
29
-51
-77
-84
-76
-94
-79
-60
-22
-32
-70
-122
-251
-244
-228
-240
-256
-167
-100
-87
-34
-30
75
97
39
83
223
317
396
413
377
429
364
269
288
297
342
408
387
448
498
452
439
437
509
524
567
602
580
570
582
533
352
215
283
342
305
349
332
228
124
53
44
19
6
60
113
64
79
45
-48
-50
-71
-114
-32
17
-33
-100
-79
-78
-75
-48
45
156
90
23
24
-18
-39
0
-6
-33
16
64
48
18
60
79
107
186
341
387
315
314
296
171
86
97
78
71
58
-55
-191
-224
-227
-300
-353
-335
-300
-219
-181
-191
-270
-407
-386
-307
-359
-337
-252
-249
-330
-319
-218
-138
-110
-110
-92
-60
-94
-139
-149
-112
4
32
-7
-49
-25
22
-32
-27
84
98
23
48
113
80
89
93
76
121
173
193
122
10
37
-10
-152
-131
-27
-71
-122
-115
-84
-58
-76
0
97
102
88
15
-82
-86
-26
-94
-178
-62
8
14
105
163
178
169
131
229
387
516
570
596
633
635
605
603
649
613
460
395
398
409
329
270
360
441
468
479
464
371
321
259
216
300
389
398
331
384
394
346
283
238
302
267
215
241
293
325
325
256
186
103
152
195
185
240
288
242
211
267
259
183
159
117
107
135
155
182
168
134
290
280
166
248
264
98
16
5
-45
-57
49
133
116
103
90
5
-24
35
38
-54
-89
-35
-36
-48
-21
57
37
12
102
144
186
166
67
36
-34
4
58
52
77
113
21
-29
40
59
56
89
143
190
112
33
49
-3
-124
-163
-194
-197
-180
-158
-139
-221
-282
-185
-196
-218
-116
-71
-94
-76
-67
-82
-100
-56
-62
-79
14
-11
-49
22
115
141
125
139
221
191
118
139
163
162
153
156
142
127
166
132
48
21
-25
-232
-375
-387
-379
-438
-429
-376
-366
-387
-418
-430
-363
-383
-474
-464
-404
-326
-382
-484
-480
-517
-544
-548
-524
-420
-424
-442
-437
-400
-344
-326
-341
-336
-285
-271
-370
-363
-334
-429
-446
-464
-466
-409
-443
-473
-492
-541
-629
-760
-840
-870
-946
-1021
-1073
-1059
-1084
-1110
-1138
-1167
-1150
-1130
-1138
-1121
-1119
-1045
-1009
-1030
-1089
-1138
-1161
-1246
-1245
-1219
-1157
-1107
-1086
-949
-827
-781
-722
-626
-564
-585
-600
-601
-644
-655
-653
-677
-742
-771
-819
-993
-1059
-1034
-1020
-998
-898
-895
-972
-988
-991
-996
-992
-976
-979
-1018
-1038
-973
-895
-830
-828
-854
-864
-815
-700
-596
-587
-570
-615
-618
-541
-522
-467
-401
-409
-396
-317
-178
-76
-27
-113
-183
-193
-248
-336
-340
-356
-390
-432
-495
-627
-731
-758
-857
-911
-892
-833
-780
-793
-701
-643
-735
-734
-752
-700
-579
-495
-500
-548
-491
-450
-373
-244
-196
-103
-97
-207
-148
-103
-220
-219
-240
-236
-299
-322
-323
-347
-292
-297
-266
-227
-273
-323
-391
-356
-335
-420
-413
-307
-248
-213
-288
-267
-158
-143
-102
-76
-91
-93
-57
-101
-128
36
113
78
115
157
145
102
35
102
203
220
207
169
177
128
82
49
73
185
226
187
224
266
365
408
395
439
418
395
328
295
355
398
389
303
314
320
281
335
366
282
227
186
276
355
393
421
453
428
398
452
409
403
464
418
426
485
577
581
554
638
645
565
562
644
701
699
654
616
581
629
683
655
554
577
675
606
636
745
713
604
592
633
621
674
730
686
646
604
546
511
500
567
613
603
549
520
613
635
608
611
616
652
729
742
735
744
714
687
705
775
871
845
840
892
918
896
889
857
787
792
831
920
1004
982
944
879
780
747
747
664
674
703
626
666
706
695
715
670
620
530
488
471
501
562
553
560
484
438
502
476
398
316
228
193
151
138
81
47
51
48
67
89
99
37
-141
-174
-165
-258
-266
-135
-100
-114
-92
-116
-138
-87
-15
10
29
142
153
99
-15
-75
-144
-203
-176
-105
-73
-98
-163
-205
-272
-390
-415
-422
-443
-456
-404
-477
-595
-722
-876
-867
-748
-667
-618
-572
-520
-493
-549
-512
-523
-626
-641
-628
-573
-558
-691
-814
-885
-886
-818
-741
-669
-562
-544
-549
-580
-652
-656
-684
-699
-618
-547
-647
-653
-649
-701
-730
-720
-632
-618
-619
-546
-534
-652
-753
-795
-819
-847
-851
-901
-1035
-1131
-1285
-1423
-1445
-1412
-1375
-1379
-1331
-1253
-1277
-1298
-1243
-1215
-1222
-1186
-1126
-1137
-1152
-1062
-947
-904
-854
-814
-764
-696
-675
-709
-760
-781
-740
-710
-704
-607
-564
-551
-554
-525
-458
-438
-437
-421
-381
-373
-423
-419
-402
-351
-338
-397
-435
-362
-290
-287
-328
-291
-289
-278
-238
-198
-223
-241
-237
-265
-195
-83
2
106
195
246
267
236
208
216
268
262
225
262
259
240
258
260
317
377
414
408
482
565
588
545
505
523
511
539
427
398
444
424
451
520
668
718
751
757
822
944
959
1065
1239
1325
1405
1515
1554
1559
1529
1505
1496
1559
1590
1533
1488
1488
1470
1445
1432
1459
1446
1338
1249
1212
1191
1089
1007
1024
1036
1023
1012
982
916
921
996
1076
1161
1286
1304
1198
1193
1158
1122
1154
1184
1203
1205
1229
1255
1326
1435
1494
1535
1545
1557
1660
1664
1581
1536
1506
1416
1295
1285
1238
1196
1151
1115
1095
1044
999
1019
1082
1067
1000
910
840
879
775
607
500
329
227
189
173
221
273
317
360
299
199
157
209
184
185
272
273
317
418
454
462
471
472
492
474
484
497
453
413
382
339
276
294
331
296
210
154
71
-13
-87
-108
-62
-52
-15
39
69
80
54
39
7
1
71
43
-73
-96
-56
-100
-129
-100
-104
-127
-152
-129
-117
-154
-174
-121
-152
-188
-210
-174
-96
-30
-71
-136
-117
-62
-96
-95
-14
-15
-103
-189
-254
-299
-345
-412
-492
-495
-466
-446
-437
-419
-432
-432
-464
-430
-372
-391
-304
-267
-314
-254
-219
-220
-177
-99
-80
-2
46
75
207
249
203
207
250
256
275
296
310
379
390
334
327
337
350
251
124
94
115
131
37
4
-89
-179
-220
-267
-279
-252
-223
-268
-259
-257
-316
-407
-475
-429
-388
-505
-559
-516
-548
-582
-580
-520
-436
-334
-210
-211
-247
-260
-274
-237
-135
-85
-119
-105
-56
-89
-82
-33
-81
-79
-101
-155
-103
-89
-135
-164
-143
-171
-211
-272
-265
-250
-394
-512
-550
-565
-560
-558
-637
-706
-781
-889
-899
-848
-897
-937
-926
-974
-995
-971
-960
-1002
-1039
-1102
-1138
-1075
-1105
-1063
-991
-977
-919
-877
-841
-717
-690
-719
-741
-730
-549
-425
-362
-306
-244
-241
-275
-275
-223
-186
-195
-177
-57
30
18
38
20
-52
-171
-292
-251
-228
-208
-251
-347
-424
-460
-473
-378
-265
-264
-289
-293
-236
-248
-271
-271
-316
-347
-321
-302
-320
-358
-358
-386
-452
-394
-306
-197
-95
-142
-182
-207
-198
-214
-267
-375
-336
-337
-390
-374
-299
-271
-359
-393
-342
-363
-377
-278
-204
-164
-96
-90
-62
15
57
31
-2
5
64
42
-7
14
89
100
70
110
135
97
83
83
25
-5
-73
-169
-172
-169
-189
-161
-84
-6
-9
-20
6
-19
-72
-109
-119
-165
-255
-201
-155
-100
-93
-132
-105
-79
-71
-54
10
132
159
159
107
108
139
138
195
214
210
293
354
332
339
360
351
324
286
268
283
272
214
153
145
96
48
35
58
21
-71
-151
-164
-231
-251
-270
-260
-207
-168
-98
4
13
45
18
-47
-80
-81
-106
-159
-190
-238
-256
-241
-233
-228
-197
-214
-170
-119
-70
-27
-17
-11
4
23
73
80
122
158
174
270
318
250
225
172
118
112
114
178
280
274
189
26
-81
-68
-94
-161
-141
-139
-232
-269
-312
-335
-283
-256
-271
-321
-365
-330
-307
-335
-286
-225
-223
-202
-163
-142
-201
-196
-199
-198
-111
-62
-14
-24
-8
52
118
140
151
199
19
-35
-18
-69
-76
6
68
114
114
141
169
150
222
231
166
176
172
160
62
43
56
-14
-32
-26
-27
-5
28
37
26
-60
-79
-65
-123
-86
-30
-130
-206
-183
-193
-272
-284
-240
-161
-184
-207
-116
-44
-65
-49
-30
-49
-12
-27
-115
-136
-166
-220
-309
-456
-563
-574
-608
-563
-450
-372
-331
-367
-527
-573
-425
-361
-374
-349
-324
-362
-448
-485
-394
-254
-246
-280
-304
-291
-308
-303
-286
-324
-313
-379
-415
-368
-402
-498
-549
-581
-625
-672
-547
-466
-552
-625
-625
-593
-622
-622
-634
-655
-628
-673
-714
-723
-674
-622
-630
-725
-833
-783
-708
-727
-730
-709
-706
-705
-587
-544
-568
-576
-622
-596
-570
-533
-495
-481
-437
-321
-270
-233
-165
-165
-122
-42
-51
-41
-73
-93
-116
-160
-111
-57
-84
-110
-91
-102
-147
-158
-65
74
113
175
177
200
241
274
253
165
160
113
123
103
94
11
-106
-90
11
67
123
164
105
109
152
121
15
97
78
-38
-27
-30
0
52
175
258
215
210
311
417
498
498
450
512
535
545
621
705
732
850
922
881
900
979
971
887
828
770
743
742
749
726
717
727
694
747
810
814
771
837
915
885
845
781
687
736
791
721
689
701
718
719
661
673
732
701
632
572
511
476
543
617
683
768
797
753
714
728
683
708
764
779
792
775
755
772
689
623
559
509
469
522
629
698
684
623
533
425
368
409
355
204
118
87
135
257
342
361
297
197
226
305
302
329
334
294
267
334
395
408
449
471
420
332
295
341
393
449
428
395
402
490
572
634
641
578
605
658
658
677
618
534
548
554
534
574
573
572
545
513
476
490
497
486
475
416
459
459
431
448
398
305
266
304
447
499
456
506
585
559
656
681
557
450
418
393
5
250
195
-23
167
27
124
123
410
533
257
460
486
304
493
572
315
126
132
228
-35
95
111
74
65
192
269
34
358
320
382
407
377
309
154
218
210
161
118
22
88
6
-81
-196
-340
-358
-213
-219
-226
-255
-324
-322
-313
-426
-420
-487
-512
-483
-375
-364
-487
-438
-480
-471
-454
-434
-386
-446
-449
-481
-566
-539
-442
-390
-379
-345
-378
-415
-466
-396
-372
-346
-350
-344
-339
-407
-338
-377
-452
-446
-430
-391
-332
-273
-326
-361
-415
-509
-525
-583
-637
-663
-640
-655
-808
-891
-915
-860
-920
-1010
-886
-831
-804
-813
-830
-849
-863
-853
-720
-644
-711
-542
-653
-614
-451
-483
-441
-324
-211
-103
-99
-225
-421
-369
-358
-546
-469
-505
-594
-581
-668
-745
-902
-1021
-860
-695
-602
-573
-662
-666
-579
-442
-463
-569
-575
-538
-358
-278
-328
-254
-235
-182
-170
-205
-95
-80
-101
-29
33
47
89
163
200
262
234
186
153
212
209
123
114
144
179
68
161
284
167
100
78
40
69
42
98
207
290
325
296
302
398
469
371
352
485
508
485
561
603
572
626
596
660
788
769
792
866
905
911
973
892
880
978
945
841
798
827
807
747
702
704
681
718
842
936
980
1015
1022
1032
1107
1129
1090
1062
1168
1232
1249
1284
1279
1238
1195
1252
1305
1203
1084
1017
1025
1037
948
885
854
837
826
745
650
638
686
690
646
571
468
372
378
346
290
284
170
87
133
125
120
89
16
55
158
141
59
72
123
177
170
161
191
144
15
-159
-283
-301
-283
-324
-293
-305
-369
-378
-474
-542
-436
-426
-571
-469
-515
-645
-627
-660
-643
-666
-638
-671
-775
-760
-796
-927
-1024
-939
-877
-846
-713
-609
-580
-587
-550
-486
-478
-377
-302
-284
-210
-27
33
-6
61
99
74
68
115
184
163
173
210
154
156
199
110
110
252
312
216
191
205
188
180
181
211
275
294
228
196
78
-30
-41
-121
-154
-54
-71
-124
-110
-79
-106
-189
-181
-129
-109
-86
-44
-1
-30
-51
-106
-153
-118
-82
-27
-34
-29
-46
-91
-76
-9
117
196
196
163
184
263
309
250
163
155
134
98
69
69
9
-82
-162
-107
-92
-141
-52
51
-34
-57
72
141
74
-28
-84
-154
-110
-82
-176
-253
-272
-244
-390
-520
-549
-532
-515
-477
-342
-287
-384
-464
-499
-550
-607
-602
-537
-490
-376
-383
-542
-584
-633
-722
-748
-648
-544
-536
-461
-420
-485
-544
-603
-561
-511
-595
-676
-655
-637
-731
-783
-770
-717
-655
-654
-636
-686
-828
-881
-873
-851
-831
-774
-708
-674
-598
-589
-532
-494
-511
-489
-441
-385
-377
-416
-459
-530
-545
-494
-511
-543
-525
-593
-693
-732
-690
-589
-560
-517
-392
-353
-407
-389
-326
-297
-305
-341
-371
-311
-266
-268
-212
-147
-128
-159
-156
-92
-61
-122
-127
-38
-9
29
60
28
45
10
-2
15
-19
10
54
38
-27
-43
59
63
99
258
343
287
245
279
291
276
323
291
339
447
462
438
418
409
346
305
404
535
571
573
578
610
629
624
632
676
791
860
888
948
1078
1125
1069
1023
1064
1071
1045
1056
1016
983
846
813
829
786
742
743
756
750
737
623
575
570
570
533
530
553
594
568
535
568
691
778
805
937
969
881
763
720
714
722
791
879
955
997
1008
935
951
983
934
901
887
958
1007
987
1031
1063
993
926
953
996
1005
991
988
967
1009
1133
1179
1149
1284
1397
1373
1388
1430
1335
1311
1386
1415
1418
1467
1504
1467
1343
1308
1410
1434
1488
1605
1592
1416
1360
1370
1271
1198
1160
1037
947
983
983
928
900
896
845
778
789
788
708
555
448
323
133
56
107
135
209
271
224
198
230
317
336
363
368
370
297
205
170
83
-10
23
-17
-88
-99
-122
-159
-256
-307
-308
-313
-373
-374
-351
-503
-598
-602
-627
-686
-738
-886
-1075
-1190
-1148
-1174
-1206
-1090
-1142
-1260
-1220
-1230
-1345
-1327
-1339
-1473
-1519
-1552
-1684
-1446
-1340
-1896
-1717
-1296
-1810
-1953
-1347
-1601
-1907
-1483
-1430
-1568
-1398
-1256
-1475
-1479
-1242
-1109
-1323
-1605
-1212
-954
-1466
-1554
-811
-1015
-1289
-801
-919
-1247
-1090
-952
-1007
-938
-934
-881
-1021
-919
-512
-999
-1323
-773
-608
-1007
-767
-559
-774
-603
-403
-633
-612
-359
-458
-502
-421
-406
-279
-421
-552
-377
-562
-718
-494
-520
-681
-491
-474
-849
-851
-620
-732
-711
-527
-555
-556
-480
-336
-316
-497
-601
-574
-543
-424
-367
-446
-480
-421
-409
-609
-683
-556
-469
-559
-597
-547
-583
-542
-519
-458
-426
-458
-463
-465
-411
-430
-482
-640
-704
-682
-770
-905
-900
-876
-969
-1043
-972
-851
-883
-821
-778
-781
-743
-629
-609
-786
-722
-721
-864
-1000
-915
-1016
-1106
-1053
-1050
-1018
-1045
-847
-776
-766
-758
-707
-780
-861
-725
-777
-813
-867
-951
-1057
-1116
-1148
-1191
-1159
-1166
-1172
-1087
-1270
-1280
-1175
-1253
-1312
-1116
-1289
-1068
-883
-1063
-1097
-1212
-1236
-940
-787
-911
-1136
-948
-991
-959
-948
-913
-1088
-979
-692
-755
-1042
-1034
-874
-915
-728
-663
-854
-1064
-764
-808
-1046
-910
-913
-794
-785
-475
-456
-664
-505
-259
-277
-269
-176
-185
-258
-154
-60
-218
-243
-27
48
111
195
218
162
187
447
507
289
331
350
389
382
365
296
171
158
230
301
300
309
276
269
369
495
406
311
558
688
629
578
558
610
687
732
596
609
644
542
621
616
706
656
686
787
844
818
711
776
716
736
755
723
719
630
619
663
546
493
556
420
360
462
414
219
201
242
204
165
130
51
-64
-160
-300
-332
-364
-294
-209
-214
-118
-99
-178
-166
-9
32
-89
-32
10
-100
-150
-172
-155
-212
-202
-97
-79
-36
23
-76
-20
-11
-100
-81
-42
-16
-11
-39
-70
-119
-142
-93
20
50
42
116
138
69
167
212
202
278
349
352
342
349
245
179
297
370
271
273
432
519
544
640
697
601
633
741
774
935
1063
1118
1176
1284
1326
1298
1244
1246
1230
1205
1281
1239
1159
1097
1027
946
807
899
982
868
881
862
738
697
697
741
800
920
955
930
882
821
729
703
776
915
928
942
1005
1081
1030
961
992
1068
1228
1348
1362
1276
1231
1178
1125
1085
1098
1157
1106
1035
1000
1029
971
833
834
912
926
895
947
976
969
877
813
751
730
680
546
519
508
478
438
363
332
336
426
570
618
583
588
632
618
578
573
521
445
381
330
277
242
191
132
158
197
96
165
293
370
379
432
481
399
302
368
323
247
163
170
198
76
84
176
206
331
343
377
342
346
275
141
180
232
150
23
96
297
202
180
234
145
162
165
107
113
148
70
-48
-81
-43
-46
-102
-74
-73
-208
-334
-237
-190
-144
-16
-36
-59
-51
-108
-89
-68
-87
-67
-154
-281
-306
-268
-217
-138
-153
-120
-72
-78
-73
-103
-166
-157
-105
-154
-41
75
92
19
-7
-5
-4
-4
4
53
-6
13
6
-41
-16
-15
45
67
55
89
3
-79
-68
-108
-115
-121
-98
-174
-251
-261
-349
-346
-271
-279
-305
-205
-75
-87
-116
-84
-111
-166
-202
-207
-170
-78
-22
21
82
28
-13
-97
-99
-72
-127
-176
-141
-97
-147
-211
-305
-398
-431
-385
-361
-311
-248
-332
-403
-292
-216
-145
-138
-211
-253
-293
-263
-292
-351
-324
-348
-353
-299
-331
-462
-550
-555
-636
-614
-426
-489
-465
-311
-292
-450
-651
-572
-456
-480
-491
-447
-477
-533
-593
-650
-704
-723
-719
-762
-773
-678
-681
-729
-736
-730
-787
-857
-754
-700
-776
-840
-822
-831
-870
-822
-768
-783
-805
-850
-938
-960
-886
-859
-947
-1013
-972
-943
-969
-1035
-1055
-977
-974
-965
-960
-953
-981
-995
-1002
-1023
-1060
-1096
-1069
-1061
-1059
-1199
-1293
-1266
-1137
-1103
-1093
-946
-823
-801
-789
-753
-771
-848
-848
-793
-759
-724
-768
-819
-873
-771
-733
-832
-903
-909
-939
-1008
-928
-952
-968
-883
-830
-726
-694
-675
-449
-265
-171
-17
21
2
140
382
456
525
672
660
746
897
831
942
1008
939
1023
1023
975
1082
1080
961
1005
1083
1113
1212
1247
1255
1319
1314
1299
1406
1483
1540
1593
1549
1526
1599
1539
1500
1556
1603
1604
1519
1558
1558
1510
1489
1437
1418
1504
1538
1469
1496
1537
1532
1432
1361
1421
1445
1342
1330
1346
1345
1407
1354
1268
1267
1249
1102
1109
1207
1219
1140
1065
1089
1135
1076
1029
1034
985
945
796
642
578
608
519
331
261
267
232
112
185
208
40
-14
-40
-100
-207
-265
-275
-327
-362
-478
-594
-576
-496
-620
-738
-726
-778
-821
-866
-930
-1013
-1093
-1081
-1013
-988
-1027
-996
-994
-954
-915
-953
-987
-1097
-1192
-1194
-1209
-1228
-1177
-1180
-1380
-1521
-1556
-1512
-1457
-1467
-1509
-1492
-1460
-1537
-1505
-1490
-1508
-1338
-1224
-1252
-1219
-1112
-1274
-1510
-1473
-1433
-1367
-1271
-1152
-1113
-1075
-1012
-1019
-897
-739
-681
-694
-755
-741
-770
-897
-856
-813
-762
-637
-515
-464
-394
-348
-406
-380
-446
-335
-272
-252
-194
-232
-248
-222
-209
-286
-227
-238
-245
-190
-135
-145
-176
-138
-70
9
-45
-54
18
-21
-98
-152
-196
-119
-71
76
244
302
264
231
249
289
362
309
319
443
456
551
651
675
589
563
502
510
574
636
632
558
710
842
893
899
936
1039
1116
1126
1196
1308
1296
1278
1392
1458
1595
1798
1834
1843
1895
1908
1877
1847
1876
1868
1802
1731
1788
1805
1773
1782
1820
1862
1929
1915
1916
2036
2188
2160
2113
2091
2038
2004
1988
2003
1868
1755
1768
1731
1711
1738
1726
1752
1758
1734
1673
1607
1536
1420
1336
1238
1093
1039
1103
1163
1165
1156
1200
1262
1257
1160
1139
1129
1087
1088
1077
1010
945
813
705
751
713
611
535
519
520
414
293
272
360
397
374
362
352
323
178
60
32
-18
-35
-39
67
138
30
-60
-116
-211
-239
-282
-321
-307
-357
-443
-466
-404
-322
-263
-276
-275
-337
-413
-426
-505
-621
-767
-867
-861
-799
-800
-740
-700
-768
-828
-858
-847
-857
-784
-727
-752
-792
-799
-830
-899
-863
-910
-981
-962
-886
-856
-814
-791
-870
-970
-933
-842
-728
-692
-770
-763
-800
-800
-779
-682
-572
-443
-356
-359
-349
-341
-358
-345
-253
-100
-6
5
89
141
183
227
308
429
472
466
523
605
605
719
785
823
995
1120
1193
1234
1301
1292
1269
1302
1369
1413
1515
1713
1678
1603
1638
1602
1569
1611
1662
1666
1629
1607
1612
1555
1480
1542
1599
1630
1750
1901
2040
2079
2177
2219
2154
2140
2175
2242
2328
2397
2382
2306
2268
2283
2377
2335
2313
2400
2440
2399
2291
2300
2272
2217
2131
1996
2000
2100
2086
1988
1894
1860
1788
1776
1836
1933
1934
1849
1743
1667
1654
1622
1578
1559
1717
1831
1795
1720
1591
1531
1410
1321
1359
1371
1400
1490
1545
1484
1496
1505
1421
1384
1342
1299
1215
1197
1193
1144
1076
950
827
775
822
772
737
660
491
391
267
190
183
107
12
-39
-162
-310
-313
-386
-522
-635
-736
-798
-817
-795
-837
-925
-871
-866
-882
-894
-1013
-1114
-1159
-1264
-1356
-1381
-1347
-1373
-1454
-1495
-1509
-1572
-1611
-1571
-1506
-1515
-1586
-1649
-1657
-1668
-1737
-1830
-1986
-2036
-2030
-2129
-2228
-2300
-2412
-2515
-2656
-2790
-2873
-2898
-2935
-2997
-3035
-3106
-3224
-3349
-3383
-3446
-3521
-3614
-3639
-3631
-3667
-3678
-3612
-3661
-3714
-3652
-3581
-3656
-3663
-3568
-3531
-3539
-3458
-3408
-3484
-3542
-3585
-3564
-3543
-3541
-3513
-3474
-3462
-3518
-3563
-3582
-3615
-3690
-3772
-3784
-3737
-3821
-3950
-4045
-4057
-4084
-4134
-4071
-4005
-4051
-4140
-4211
-4247
-4287
-4274
-4263
-4202
-4135
-4105
-4092
-4064
-3998
-3965
-3992
-3950
-3822
-3773
-3745
-3733
-3766
-3693
-3599
-3553
-3490
-3393
-3334
-3318
-3340
-3374
-3328
-3269
-3137
-2944
-2793
-2717
-2720
-2727
-2707
-2634
-2545
-2540
-2494
-2380
-2338
-2309
-2190
-2103
-2060
-1916
-1840
-1821
-1799
-1727
-1735
-1735
