%
% Title: Dow Jones Index
% Description: Daily closing values of the DJI from Jan 1, 1992 to Dec. 29, 2000.
%
3168.84
3172.42
3201.47
3200.13
3204.83
3203.94
3209.53
3199.46
3185.6
3246.21
3258.5
3249.55
3264.99
3254.03
3223.4
3255.81
3226.74
3232.79
3240.61
3272.15
3224.96
3244.87
3223.4
3234.13
3272.81
3257.6
3255.6
3225.4
3245.08
3251.57
3276.83
3246.65
3245.97
3245.97
3224.74
3230.32
3280.64
3280.2
3282.43
3257.84
3283.33
3269.46
3267.67
3275.28
3290.25
3268.57
3241.5
3221.61
3215.12
3231
3208.64
3208.64
3235.92
3236.37
3256.04
3254.26
3261.4
3276.38
3272.14
3260.96
3259.39
3267.67
3231.44
3235.24
3235.46
3249.33
3234.12
3249.11
3275.49
3213.55
3181.35
3224.95
3255.36
3269.9
3306.13
3353.75
3366.5
3366.5
3336.31
3343.25
3338.77
3348.61
3324.46
3304.56
3307.91
3333.18
3359.12
3336.1
3378.14
3359.36
3369.41
3363.37
3369.41
3397.58
3385.3
3391.98
3368.86
3353.08
3376.04
3398
3393.85
3378.72
3386.77
3386.77
3364.21
3370.46
3398.46
3396.91
3413.22
3396.13
3407.02
3399.76
3398.7
3404.13
3369.95
3343.25
3351.52
3354.39
3354.9
3329.52
3287.79
3274.15
3285.38
3280.84
3285.63
3290.7
3284.05
3282.44
3319.89
3318.55
3354.13
3330.32
3330.32
3339.18
3295.18
3293.26
3324.05
3330.54
3337.29
3358.4
3345.43
3361.64
3331.64
3302.98
3308.39
3277.61
3290.02
3285.69
3282.18
3334.05
3379.19
3391.87
3393.76
3395.38
3384.3
3365.12
3340.54
3332.18
3337.58
3331.1
3320.83
3313.27
3328.94
3324.89
3329.48
3307.06
3304.89
3254.1
3228.17
3232.22
3246.81
3254.64
3267.61
3257.35
3266.26
3290.31
3292.2
3281.93
3281.93
3260.59
3271.39
3305.16
3305.7
3376.22
3327.3
3319.21
3315.7
3327.05
3320.83
3280.85
3278.69
3287.87
3250.32
3279.26
3266.8
3271.66
3254.37
3200.61
3179
3178.1
3152.2
3176
3136.5
3174.3
3201.4
3195.4
3174.6
3174.3
3188.4
3186
3187
3200.8
3207.6
3244
3235.7
3251.3
3246.2
3226.2
3262.1
3252.4
3223
3243.8
3240
3240.8
3225.4
3240.3
3239.7
3233
3205.7
3193.3
3207.3
3209.5
3227.3
3223
3248.6
3266.2
3266.2
3282.1
3305.16
3294.36
3286.25
3276.53
3288.68
3307.33
3322.18
3323.81
3312.19
3304.08
3292.2
3284.36
3255.18
3269.23
3313.27
3312.46
3321.1
3313.54
3326.24
3326.24
3333.26
3310.84
3321.1
3301.11
3301.11
3309.22
3307.87
3305.16
3268.69
3251.67
3262.75
3264.64
3263.56
3267.88
3271.12
3274.91
3255.99
3241.95
3253.02
3256.81
3292.2
3298.95
3291.37
3306.25
3310.03
3332.18
3328.67
3373.79
3416.74
3442.14
3437.54
3414.58
3412.42
3422.69
3392.43
3392.43
3309.49
3312.19
3302.19
3322.18
3342.99
3323.27
3356.5
3365.14
3370.81
3355.41
3400.53
3404.04
3398.91
3404.58
3469.42
3472.12
3478.34
3457
3427.82
3442.41
3442.95
3426.74
3465.64
3471.58
3463.48
3461.86
3445.38
3461.32
3439.98
3455.1
3457.27
3435.09
3439.41
3370.79
3379.19
3377.57
3397.02
3396.46
3396.46
3428.09
3444.03
3455.64
3455.92
3478.61
3466.99
3443.49
3439.41
3429.17
3413.77
3398.37
3415.93
3413.5
3425.12
3427.53
3446.46
3446.19
3449.1
3441.9
3437.19
3443.28
3468.75
3482.31
3447.99
3443.01
3449.93
3444.39
3500.03
3523.28
3492.83
3507.78
3516.63
3540.16
3554.83
3527.43
3527.43
3552.34
3553.45
3544.87
3545.14
3532.13
3510.54
3511.93
3491.72
3505.01
3514.69
3492
3511.65
3521.89
3494.77
3510.82
3497.53
3466.81
3490.61
3490.89
3530.2
3518.85
3516.08
3510.54
3483.97
3483.97
3449.93
3475.67
3514.42
3521.06
3524.38
3515.44
3542.55
3550.93
3528.29
3535.28
3544.78
3555.4
3525.22
3546.74
3567.7
3565.46
3553.45
3567.42
3539.47
3560.99
3561.27
3552.05
3548.97
3560.43
3576.08
3572.73
3583.35
3569.09
3569.65
3579.15
3586.98
3604.86
3612.13
3615.48
3605.98
3638.96
3652.09
3648.18
3640.63
3643.99
3651.25
3645.1
3626.1
3633.93
3633.93
3607.1
3588.93
3589.49
3621.63
3634.21
3615.76
3633.65
3630.85
3613.25
3575.8
3537.24
3547.02
3539.75
3543.11
3567.7
3566.02
3566.3
3555.12
3581.11
3577.76
3587.26
3598.99
3583.63
3584.74
3593.41
3593.13
3603.19
3621.63
3629.73
3642.31
3635.32
3645.1
3636.16
3649.3
3673.61
3672.49
3664.66
3687.86
3680.59
3692.61
3697.64
3661.87
3624.98
3643.43
3647.9
3640.07
3663.55
3662.43
3684.51
3677.52
3710.77
3704.35
3685.34
3694.01
3670.25
3674.17
3687.58
3687.58
3683.95
3677.8
3683.95
3697.08
3702.11
3704.07
3710.21
3718.88
3734.53
3729.78
3740.67
3764.43
3742.63
3716.92
3726.14
3751.57
3755.21
3745.15
3762.19
3757.72
3757.72
3792.93
3793.77
3794.33
3775.88
3754.09
3756.6
3783.9
3798.82
3803.88
3820.77
3865.51
3850.31
3848.63
3842.43
3867.2
3870.29
3870.29
3884.37
3891.96
3914.48
3912.79
3895.34
3908
3926.3
3945.43
3978.36
3964.01
3975.54
3967.66
3871.42
3906.32
3906.03
3931.92
3895.34
3894.78
3904.06
3928.27
3937.27
3922.64
3887.46
3887.46
3911.66
3891.68
3839.9
3838.78
3832.02
3809.23
3831.74
3824.42
3832.3
3856.22
3851.72
3853.41
3830.62
3862.7
3862.98
3849.59
3848.15
3865.14
3895.65
3864.85
3862.55
3869.46
3821.09
3774.73
3762.35
3699.02
3626.75
3635.96
3635.96
3593.35
3675.41
3679.73
3693.26
3674.26
3688.83
3681.69
3661.47
3663.25
3661.47
3620.42
3619.82
3598.71
3652.54
3648.68
3705.78
3699.54
3699.54
3668.31
3681.69
3701.02
3714.41
3697.75
3695.97
3669.5
3629.04
3656.41
3629.04
3652.84
3659.68
3671.5
3720.61
3732.89
3758.98
3766.35
3742.41
3745.17
3755.3
3753.46
3757.14
3757.14
3758.37
3760.83
3758.99
3772.22
3768.52
3755.91
3749.45
3753.14
3773.45
3783.12
3814.83
3790.41
3811.34
3776.78
3741.9
3707.97
3724.77
3699.09
3636.94
3685.5
3669.64
3667.05
3624.96
3646.65
3646.65
3652.48
3674.5
3688.42
3709.14
3702.99
3702.66
3704.28
3739.25
3753.81
3755.43
3748.31
3727.27
3732.45
3735.04
3741.84
3735.68
3720.47
3730.83
3764.5
3798.17
3796.22
3792.16
3765.79
3747.02
3753.81
3755.76
3766.76
3750.9
3768.71
3760.29
3784.57
3776.48
3755.43
3755.11
3751.22
3775.83
3846.73
3829.89
3881.05
3898.85
3917.3
3913.42
3901.44
3885.58
3885.58
3898.7
3886.25
3908.46
3874.81
3860.34
3879.86
3895.33
3953.88
3933.35
3936.72
3869.09
3851.6
3837.13
3831.75
3849.24
3863.04
3878.18
3854.63
3843.19
3846.89
3801.13
3787.34
3775.56
3797.43
3821.32
3876.83
3875.15
3889.95
3910.47
3923.93
3917.54
3936.04
3911.15
3891.3
3855.3
3850.59
3848.23
3875.15
3930.66
3908.12
3863.37
3837.13
3845.88
3807.52
3808.87
3830.74
3831.75
3821.99
3801.47
3829.73
3826.36
3845.2
3828.05
3815.26
3769.51
3677.99
3674.63
3674.63
3708.27
3739.56
3738.55
3739.23
3700.87
3745.62
3741.92
3745.95
3735.52
3685.73
3691.11
3718.37
3715.34
3746.29
3765.47
3807.19
3790.7
3767.15
3801.8
3814.92
3833.43
3833.43
3861.69
3839.49
3833.43
3834.44
3834.44
3838.48
3857.65
3850.92
3867.41
3861.35
3866.74
3862.03
3859
3908.46
3932.34
3930.66
3928.98
3882.21
3869.43
3867.41
3862.7
3871.45
3870.44
3857.99
3832.08
3843.86
3847.56
3870.77
3928.64
3937.73
3937.39
3935.37
3932.68
3939.07
3954.21
3958.25
3986.17
3987.52
3953.54
3953.54
3963.97
3973.05
4003.33
4011.74
3988.57
4011.05
3994.8
3979.93
3989.61
3997.56
3962.63
3979.23
3983.39
4035.61
4025.23
4048.75
4038.37
4069.15
4073.65
4083.68
4072.61
4082.99
4087.83
4138.672
4157.34
4151.809
4160.801
4172.559
4157.691
4168.41
4201.609
4200.57
4205.41
4192.621
4198.148
4187.078
4197.809
4208.18
4208.18
4195.379
4179.129
4207.488
4230.66
4270.09
4303.98
4300.172
4299.828
4314.699
4321.27
4316.078
4328.879
4373.148
4359.66
4343.398
4383.871
4390.781
4404.621
4411.191
4430.559
4437.469
4435.051
4422.602
4340.641
4341.328
4395.629
4436.441
4438.16
4412.23
4369
4369
4378.68
4465.141
4472.75
4444.738
4476.551
4485.199
4462.031
4458.57
4423.988
4446.461
4484.512
4491.078
4496.27
4510.789
4553.68
4550.559
4547.102
4589.641
4585.84
4551.25
4542.609
4556.789
4550.559
4556.102
4585.148
4585.148
4615.23
4664
4702.73
4702.391
4680.602
4727.289
4727.48
4708.82
4736.289
4686.281
4628.871
4641.551
4641.551
4668.672
4714.449
4707.059
4732.77
4715.512
4708.469
4700.371
4690.148
4701.422
4683.461
4693.32
4693.32
4671.488
4643.66
4618.301
4659.859
4640.84
4639.078
4630.629
4617.602
4614.781
4620.422
4584.852
4580.621
4601.398
4594
4608.441
4604.57
4610.559
4647.539
4647.539
4670.078
4683.809
4669.719
4700.719
4704.941
4747.211
4765.52
4801.801
4797.57
4780.41
4767.039
4792.691
4767.398
4764.148
4769.93
4765.602
4762.352
4787.641
4789.078
4761.262
4749.699
4740.672
4762.711
4769.211
4726.219
4720.801
4735.25
4764.879
4793.781
4784.379
4795.941
4777.52
4802.449
4794.859
4755.48
4783.66
4753.68
4703.82
4741.75
4756.57
4755.48
4766.68
4808.59
4825.57
4814.012
4797.031
4852.672
4864.23
4870.371
4872.898
4871.809
4922.75
4969.359
4989.949
4983.09
5023.551
5041.609
5041.609
5048.84
5070.879
5078.102
5105.559
5074.488
5087.129
5139.52
5177.449
5199.129
5159.391
5156.859
5184.32
5174.92
5216.47
5182.15
5176.73
5075.21
5109.89
5059.32
5096.53
5097.97
5097.97
5110.26
5105.92
5095.8
5117.12
5117.12
5177.45
5194.07
5173.84
5181.43
5187.21
5130.13
5032.94
5065.1
5061.12
5043.78
5088.22
5066.9
5124.35
5184.68
5219.36
5192.27
5242.84
5216.83
5271.75
5304.98
5381.21
5395.3
5405.06
5373.99
5407.59
5459.61
5492.12
5539.45
5541.62
5600.15
5601.23
5579.55
5551.37
5503.32
5503.32
5458.53
5615.97
5608.46
5630.49
5565.1
5549.21
5506.21
5485.62
5536.56
5600.15
5642.42
5629.77
5641.69
5470.45
5581
5583.89
5568.72
5586.06
5584.97
5683.6
5669.51
5655.42
5626.88
5636.64
5643.86
5670.6
5626.88
5630.85
5587.14
5637.72
5671.68
5689.74
5682.88
5682.88
5594.37
5560.41
5485.98
5487.07
5532.59
5592.92
5620.02
5549.93
5551.74
5535.48
5564.74
5588.59
5553.9
5566.91
5567.99
5573.41
5569.08
5575.22
5498.27
5478.03
5464.31
5420.95
5474.06
5475.14
5518.14
5582.6
5624.71
5625.44
5635.05
5687.5
5748.82
5736.26
5778
5762.12
5762.86
5762.86
5709.67
5673.83
5693.41
5643.18
5624.71
5665.71
5697.48
5667.19
5697.1
5687.87
5668.66
5668.29
5657.95
5649.45
5652.78
5628.03
5648.35
5659.43
5705.23
5717.79
5719.27
5682.7
5677.53
5654.63
5729.98
5720.38
5703.02
5703.02
5588.14
5550.83
5581.86
5603.65
5520.54
5510.56
5349.51
5358.76
5376.88
5464.18
5426.82
5390.94
5346.55
5354.69
5422.01
5473.06
5434.59
5481.93
5528.91
5594.75
5679.83
5674.28
5696.11
5718.67
5713.49
5681.31
5704.98
5647.28
5666.88
5665.78
5689.45
5699.44
5721.28
5689.82
5733.47
5722.74
5693.89
5711.27
5712.38
5647.65
5616.21
5616.21
5648.39
5656.9
5606.96
5659.96
5733.84
5727.18
5754.92
5771.94
5838.52
5889.2
5888.83
5877.36
5867.74
5888.46
5894.74
5874.03
5877.36
5868.85
5872.92
5882.17
5904.9
5933.97
5932.85
5992.86
5979.81
5966.77
5930.62
5921.67
5969.38
6010
6004.78
6020.81
6059.2
6094.23
6090.87
6061.8
6036.46
5992.48
6007.02
5972.73
6007.02
5993.63
6029.38
6021.93
6041.68
6081.18
6177.71
6206.04
6219.82
6255.6
6266.04
6274.24
6313
6348.03
6346.91
6397.6
6430.02
6418.47
6471.76
6547.79
6528.41
6499.34
6499.34
6521.7
6521.7
6442.69
6422.94
6437.1
6381.94
6463.94
6473.25
6402.52
6303.71
6304.87
6268.35
6308.33
6346.77
6473.64
6484.4
6489.02
6522.85
6522.85
6546.88
6560.91
6549.37
6448.27
6448.27
6442.79
6544.09
6567.18
6600.66
6549.48
6625.67
6703.79
6709.18
6762.29
6726.88
6765.37
6833.1
6843.87
6883.9
6850.03
6755.75
6696.48
6660.9
6656.08
6740.74
6823.86
6813.09
6806.16
6833.48
6746.9
6773.06
6855.8
6806.54
6858.11
6961.63
7022.44
6988.96
6988.96
7067.46
7020.13
6927.38
6931.62
7008.2
7037.83
6983.18
6925.07
6877.74
6918.92
6852.72
6945.85
6944.7
7000.89
7079.39
7085.16
7039.37
6878.89
6935.46
6955.48
6896.56
6877.68
6820.28
6804.79
6905.25
6876.17
6880.7
6583.48
6611.05
6611.05
6610.9
6517.3
6477.35
6526
6555.91
6609.16
6563.84
6540.05
6391.69
6451.9
6587.16
6679.87
6658.6
6703.55
6660.21
6833.59
6812.72
6792.25
6738.87
6783.02
6962.03
7008.99
6976
7071.2
7214.49
7225
7085.65
7136.62
7169.53
7292.75
7274.21
7286.16
7333.55
7194.67
7228.88
7303.46
7290.69
7258.13
7345.91
7345.91
7383.41
7357.23
7330.18
7331.04
7289.4
7312.15
7269.66
7305.29
7435.78
7478.5
7539.27
7575.83
7711.47
7782.04
7772.09
7760.78
7718.71
7777.06
7796.51
7604.26
7758.06
7689.98
7654.25
7687.72
7672.79
7722.33
7795.38
7895.81
7895.81
7858.49
7962.31
7842.43
7886.76
7921.82
7922.98
7975.71
8038.88
8020.77
7890.46
7906.72
8061.65
8088.36
8116.93
8113.44
8121.11
8174.53
8254.89
8222.61
8194.04
8198.45
8187.54
8259.31
8188
8031.22
8062.11
7960.84
7928.32
7942.03
7694.66
7803.36
7918.1
8021.23
7893.95
7887.91
7859.57
7782.22
7787.33
7694.43
7622.42
7622.42
7879.78
7894.64
7867.23
7822.41
7835.18
7851.91
7719.28
7660.98
7742.97
7721.14
7895.92
7886.44
7922.72
7917.27
7996.83
7970.06
7906.71
7848.01
7922.18
7991.43
7945.26
8015.5
8027.53
8038.58
8100.22
8178.31
8095.06
8061.42
8045.21
8072.22
8096.29
8057.98
7938.88
7847.03
7921.44
8060.44
8034.65
7847.77
7715.41
7161.15
7498.32
7506.67
7381.67
7442.08
7674.4
7689.13
7692.57
7683.24
7581.32
7552.59
7558.73
7401.32
7487.6
7572.48
7698.22
7650.82
7724.74
7837.3
7881.07
7767.92
7808.95
7794.78
7794.78
7823.13
8013.11
8018.83
8032.01
8050.16
8149.13
8110.84
8049.66
7978.79
7848.99
7838.3
7922.59
7976.31
7957.41
7846.5
7756.29
7819.31
7691.02
7660.12
7660.12
7679.31
7792.41
7915.97
7908.25
7908.25
7978.99
7965.04
7906.25
7902.27
7802.62
7580.42
7647.18
7732.13
7784.69
7691.77
7753.55
7753.55
7871.38
7794.4
7730.88
7700.74
7712.94
7815.08
7915.47
7973.02
7906.5
8107.78
8160.35
8129.71
8117.25
8189.49
8180.52
8295.61
8314.55
8369.6
8370.1
8370.1
8398.5
8451.06
8375.58
8413.94
8410.2
8370.1
8457.78
8490.67
8545.72
8550.45
8584.83
8539.24
8444.33
8569.39
8567.14
8643.12
8675.75
8659.56
8602.52
8718.85
8749.99
8775.4
8803.05
8906.43
8816.25
8904.44
8872.8
8846.89
8796.08
8782.12
8799.81
8868.32
8986.64
8983.41
9033.23
8956.5
8891.48
8994.86
8994.86
9012.3
9110.2
9162.27
9076.57
9167.5
9141.84
9184.94
9176.72
9143.33
9064.62
8917.64
8898.96
8951.52
9063.37
9147.07
9192.66
9147.57
9054.65
8976.68
9055.15
9091.52
9161.77
9211.84
9172.23
9096
9050.91
9054.65
9171.48
9132.37
9114.44
9114.44
8963.73
8936.57
8970.2
8899.95
8922.37
8891.24
8803.8
8870.56
9037.71
9069.6
9049.92
8971.7
8811.77
8834.94
8627.93
8665.29
8829.46
8813.01
8712.87
8711.13
8828.46
8923.87
8935.58
8944.54
8997.36
8952.02
9048.67
9025.26
9025.26
9091.77
9085.04
9174.97
9089.78
9105.74
9096.21
9245.54
9234.47
9328.19
9337.97
9295.75
9190.19
9128.91
8932.98
8937.36
9028.24
8934.78
8914.96
9026.95
8883.29
8786.74
8487.31
8546.78
8577.68
8598.02
8574.85
8462.85
8552.96
8459.5
8425
8574.85
8714.65
8693.28
8611.41
8533.65
8566.61
8602.65
8523.35
8165.99
8051.68
7539.07
7827.43
7782.37
7682.22
7640.25
7640.25
8020.78
7865.02
7615.54
7795.5
7945.35
8024.4
8084.78
7873.77
7895.66
7933.25
7897.2
8154.41
8001.99
8028.77
8108.84
8080.52
7842.62
7632.53
7784.69
7726.24
7742.98
7741.69
7741.69
7899.52
8001.47
7938.14
7968.78
8299.36
8416.76
8466.45
8505.85
8519.23
8533.14
8452.29
8432.21
8366.04
8371.97
8495.03
8592.1
8706.15
8706.15
8783.14
8915.47
8975.46
8897.96
8863.98
8823.82
8829.74
8919.59
9011.25
8986.28
9041.11
9056.05
9159.55
9374.27
9301.15
9314.28
9314.28
9314.28
9116.55
9133.54
9064.54
8879.68
9016.14
9070.47
9027.98
9009.19
8841.58
8821.76
8695.6
8823.3
8790.6
8875.82
8903.63
8988.85
9044.46
9202.03
9217.99
9217.99
9217.99
9320.98
9202.03
9181.43
9181.43
9184.27
9311.19
9544.97
9537.76
9643.32
9619.89
9474.68
9349.56
9120.93
9340.55
9355.22
9335.91
9335.91
9264.08
9120.67
9203.32
9324.58
9200.23
9281.33
9358.83
9345.7
9274.12
9366.81
9304.5
9304.24
9291.11
9133.03
9177.31
9186.32
9274.89
9274.89
9297.03
9195.47
9298.63
9339.95
9552.68
9544.42
9399.67
9366.34
9306.58
9324.78
9297.61
9275.88
9467.4
9736.08
9727.61
9693.76
9772.84
9897.44
9876.35
9958.77
9930.47
9879.41
9997.62
9903.55
9890.51
9671.83
9666.84
9836.39
9822.24
10006.78
9913.26
9786.16
9832.51
9832.51
10007.33
9963.49
10085.31
10197.7
10173.84
10339.51
10395.01
10411.66
10462.72
10493.89
10440.53
10448.55
10581.42
10727.18
10689.67
10718.59
10831.71
10845.45
10878.38
10789.04
11014.69
10886.11
10955.41
10946.82
11031.59
11007.25
11026.15
11000.37
11107.19
10913.32
10853.47
10836.95
10887.39
10866.74
10829.28
10829.28
10531.09
10702.16
10466.93
10559.74
10559.74
10596.26
10577.89
10663.69
10799.84
10909.38
10765.64
10690.29
10621.27
10490.51
10563.33
10594.99
10784.95
10841.63
10855.56
10815.98
10721.63
10666.86
10534.83
10552.56
10655.15
10815.35
10970.8
11066.42
11139.24
11139.24
11135.12
11187.36
11126.89
11193.7
11200.98
11175.02
11148.1
11186.41
11209.84
11187.68
10996.13
11002.78
10969.22
10910.96
10863.16
10979.04
10972.07
10791.29
10655.15
10645.96
10677.31
10674.77
10793.82
10714.03
10707.7
10655.15
10787.8
10789.39
10973.65
11046.79
11117.08
10991.38
10963.84
11100.61
11299.76
11283.3
11326.04
11198.45
11090.17
10914.13
10829.28
10937.88
10843.21
11078.45
11078.45
11034.13
11036.34
11079.4
11028.43
11030.33
10910.33
10801.42
10737.46
10803.63
10823.9
10598.47
10524.07
10318.59
10279.33
10303.39
10275.53
10213.48
10336.95
10273
10401.23
10400.59
10588.34
10537.05
10649.76
10648.18
10417.06
10232.16
10286.61
10019.71
10116.28
10204.93
10392.36
10297.69
10470.25
10349.93
10302.13
10394.89
10622.53
10729.86
10648.51
10581.84
10609.06
10639.64
10704.48
10718.85
10617.32
10597.74
10595.3
10769.32
10760.75
10932.33
10883.09
11035.7
11003.89
11089.52
10995.63
10995.63
10995.63
10946.93
10947.92
10877.81
10998.39
11039.06
11286.18
11225.01
11106.65
11068.12
11134.79
11224.7
11192.59
11160.17
11225.32
11244.89
11257.43
11144.27
11200.54
11200.54
11200.54
11200.54
11391.08
11476.71
11484.66
11452.86
11497.12
11357.51
10997.93
11122.65
11253.26
11522.56
11572.2
11511.08
11551.1
11582.43
11722.98
11722.98
11560.72
11489.36
11351.3
11251.71
11008.17
11029.89
11032.99
11028.02
10738.87
10940.53
11041.05
11003.2
11013.44
10963.8
10905.79
10957.6
10699.16
10643.63
10425.21
10519.84
10718.09
10561.41
10514.57
10219.52
10219.52
10304.84
10225.73
10092.63
9862.12
10038.65
10128.31
10137.93
10164.92
10367.2
10170.5
9796.03
9856.53
10010.73
9928.82
9947.13
9811.24
10131.41
10630.6
10595.23
10680.24
10907.34
10866.7
11119.86
11112.72
11025.85
10936.11
11020.27
10980.25
10921.92
11221.93
11164.84
11033.92
11114.27
11111.48
11186.56
11287.08
11125.13
10923.55
10305.77
10582.51
10767.42
10674.96
10844.05
10844.05
10906.1
11124.82
10945.5
10888.1
10733.91
10811.78
10731.12
10480.13
10412.49
10577.86
10603.63
10536.75
10367.78
10545.97
10609.37
10807.78
10934.57
10769.74
10777.28
10626.85
10542.55
10422.27
10535.35
10323.92
10299.24
10299.24
10527.13
10522.33
10652.2
10794.76
10815.3
10735.57
10812.86
10668.72
10614.06
10564.21
10621.84
10687.95
10714.82
10449.3
10557.84
10435.16
10497.74
10376.12
10404.75
10542.99
10504.46
10527.79
10398.04
10447.89
10560.67
10560.67
10483.6
10481.47
10635.98
10646.58
10727.19
10783.76
10788.71
10812.75
10804.27
10739.92
10696.08
10843.87
10733.56
10685.12
10699.97
10516.48
10586.13
10511.17
10521.98
10606.95
10687.53
10706.58
10767.75
10867.01
10976.89
10905.83
10908.76
11027.8
11176.14
11067
11008.39
11055.64
11046.48
11079.81
11139.15
11144.65
11182.74
11192.63
11252.84
11215.1
11103.01
11215.1
11238.78
11238.78
11260.61
11310.64
11259.87
11220.65
11195.49
11233.23
11182.18
11087.47
10927
10808.52
10789.29
10687.92
10765.52
10847.37
10808.15
10631.32
10628.36
10824.06
10650.92
10700.13
10719.74
10784.48
10724.92
10596.54
10568.43
10524.4
10413.79
10034.58
10192.18
10238.8
10089.71
9975.02
10142.98
10226.59
10271.72
10393.07
10326.48
10380.12
10590.62
10835.77
10971.14
10899.47
10880.51
10817.95
10977.21
10952.18
10907.06
10834.25
10603
10517.3
10681.1
10707.6
10656
10629.9
10462.7
10494.5
10399.3
10470.2
10546.1
10507.6
10629.1
10414.5
10373.5
10561
10898.7
10664.4
10617.4
10712.9
10725.8
10768.3
10794.4
10675
10435
10645.4
10584.4
10318.9
10487.3
10635.6
10692.4
10803.2
10868.8
10788
10646.2
10945.8
