4096
4096
4096
4096
4096
4096
4096
4096
4096
4096
4096
4096
4096
4096
4096
4096
4096
4096
4096
4096
4096
4096
4096
4096
4096
4096
4096
4096
4096
4096
4096
4096
4096
4096
4096
538624
4096
17408
4096
4096
4096
4096
4096
4096
4096
4096
4096
4096
4096
4096
4096
4096
4096
4096
4096
4096
4096
4096
4096
4096
4096
18432
4096
4096
4096
4096
121856
4096
4096
4096
4096
4096
16384
4096
16384
4096
4096
40960
4096
4096
4096
4096
4096
59392
4096
4096
4096
4096
4096
4096
4096
4096
4096
4096
4096
4096
4096
4096
4096
4096
4096
4096
4096
4096
4096
4096
49152
4096
4096
4096
4096
4096
4096
4096
16384
6144
6300672
36864
4096
4096
28672
455680
785408
4096
4096
4096
30720
379904
3036160
183296
22528
813056
7168
4096
25600
4096
16384
4096
4096
4096
4096
4096
4096
4096
4096
4096
4096
4096
4096
4096
4096
4096
4096
4096
16384
4096
4096
4096
4096
16384
4096
53248
128000
135168
877568
34816
4096
61440
4096
2283520
1438720
28672
4096
250880
16384
43008
4096
30720
4096
937984
112640
142336
4096
4096
20480
4096
253952
16384
909312
3960832
130048
4096
4096
4096
4096
4096
4096
4096
4096
4096
4096
323584
4096
4096
40960
4096
16384
30720
43008
137216
4096
27648
4096
16384
16384
4096
4762624
151552
22528
40960
4096
99328
663552
16384
623616
279552
187392
1173504
270336
56320
243712
226304
4096
4096
4096
4096
4096
4096
4096
4096
4096
4096
4096
4096
4096
4096
4096
4096
4096
4096
4096
16384
4096
4096
4096
4096
17408
4096
1776640
2466816
66560
1096704
40960
28672
4096
4096
915456
4096
1098752
1510400
34816
2406400
370688
16384
4096
2252800
12288
452608
575488
4096
4096
16384
4096
4096
4096
4096
4096
4096
4096
4096
4096
4096
4096
16384
4096
4096
4096
4096
4096
4096
4096
4096
4096
200704
4096
4096
319488
305152
254976
1542144
28672
165888
59392
476160
250880
179200
4096
227328
1426432
92160
16384
4096
30720
22528
1485824
486400
1188864
4096
4096
4096
4096
4096
4096
84992
4096
4096
4096
4096
4096
4096
4096
4096
4096
4096
16384
4096
4096
4096
18432
4096
4096
4096
4096
4096
4096
4096
4096
4096
4096
4096
4096
4096
4096
4096
4096
51200
4096
4096
4096
4096
4096
4096
4096
4096
59392
4096
4096
4096
4096
4096
4096
4096
4096
4096
4096
4096
4096
4096
4096
4096
4096
4096
4096
4096
4096
4096
4096
16384
4096
4096
4096
4096
4096
4096
4096
4096
4096
4096
4096
16384
4096
4096
4096
4096
4096
4096
16384
4096
4096
4096
4096
4096
59392
16384
4096
4096
4096
4096
4096
4096
4096
4096
4096
4096
4096
4096
4096
4096
4096
4096
4096
4096
4096
4096
4096
4096
4096
4096
28672
4096
16384
16384
10240
3788800
4096
952320
483328
325632
45056
503808
22528
4096
16384
61440
278528
18432
308224
22528
28672
4096
839680
25600
4096
4096
4096
363520
4096
12288
4096
4096
4096
4096
4096
4096
4096
4096
4096
16384
4096
16384
4096
4096
4096
4096
16384
4096
28672
16384
14336
4096
148480
4096
4096
4096
4096
713728
2132992
652288
40960
16384
261120
61440
56320
83968
146432
163840
90112
16384
1309696
4096
4096
25600
16384
4096
4096
4096
4096
4096
4096
16384
4096
4096
4096
4096
4096
4096
4096
4096
4096
4096
4096
16384
4096
26624
16384
28672
24576
25600
16384
16384
16384
28672
4096
1344512
215040
36864
1942528
73728
55296
324608
461824
5240832
501760
2085888
1585152
118784
3248128
647168
16384
4096
122880
4096
4096
6144
4096
4096
4096
4096
4096
4096
4096
4096
4096
4096
4096
4096
4096
4096
4096
4096
4096
16384
43008
53248
16384
28672
481280
28672
92160
72704
4096
3747840
1000448
125952
1312768
2644992
53248
49152
40960
1864704
129024
1427456
2116608
2621440
2160640
89088
4096
4096
4096
4096
4096
28672
4096
4096
4096
4096
28672
4096
4096
4096
4096
4096
4096
4096
4096
4096
4096
4096
4096
149504
16384
32768
86016
4096
2483200
2481152
28672
28672
4096
28672
16384
45056
16384
16384
4096
16384
16384
4096
4096
40960
4096
4096
1211392
4096
4096
4096
4096
4096
4096
25600
4096
4096
4096
4096
4096
4096
4096
4096
4096
4096
4096
4096
4096
4096
4096
4096
4096
4096
16384
4096
4096
4096
4096
4096
4096
4096
4096
4096
8192
4096
4096
4096
4096
4096
16384
4096
4096
4096
4096
4096
55296
4096
4096
4096
4096
4096
4096
4096
4096
4096
4096
4096
4096
4096
4096
4096
4096
4096
4096
4096
4096
4096
4096
16384
4096
4096
4096
4096
4096
4096
4096
4096
4096
4096
4096
4096
4096
4096
8192
4096
4096
4096
4096
4096
4096
4096
4096
4096
59392
4096
4096
4096
4096
4096
4096
4096
4096
4096
4096
4096
4096
4096
4096
4096
4096
4096
4096
4096
4096
4096
16384
4096
4096
4096
16384
4096
28672
5520384
174080
53248
4096
16384
48128
16384
4096
259072
73728
568320
4096
4096
28672
566272
4096
4096
16384
236544
855040
4096
4096
4096
4096
4096
4096
4096
4096
4096
4096
4096
4096
4096
4096
4096
4096
4096
4096
4096
16384
4096
4096
4096
16384
4096
4096
16384
16384
4096
40960
4096
4096
51200
4096
590848
536576
393216
107520
4096
16384
285696
135168
390144
39936
27648
388096
416768
952320
4096
4096
4096
4096
16384
4096
4096
4096
4096
4096
16384
4096
4096
16384
4096
4096
4096
16384
16384
4096
16384
16384
28672
4096
16384
16384
16384
16384
3229696
408576
16384
4096
4096
120832
63488
16384
296960
53248
136192
28672
113664
16384
906240
116736
4096
63488
1298432
91136
4096
4096
4096
4096
4096
4096
4096
4096
4096
4096
4096
4096
4096
4096
18432
4096
16384
16384
4096
4096
4096
16384
4096
16384
4096
28672
28672
40960
4096
2976768
1658880
126976
4096
1603584
1298432
68608
450560
536576
1964032
325632
69632
4096
4096
4096
4096
372736
1272832
26624
4096
4096
4096
48128
4096
4096
4096
4096
4096
4096
4096
16384
4096
4096
4096
4096
4096
4096
4096
4096
4096
16384
69632
4096
4096
4096
40960
413696
75776
4096
4096
28672
28672
16384
159744
3281920
28672
4096
28672
113664
4096
4096
4096
16384
4096
4096
1487872
4096
4096
4096
4096
4096
4096
4096
1195008
581632
4096
51200
4096
4096
4096
4096
4096
4096
16384
4096
4096
4096
4096
16384
4096
4096
4096
4096
4096
4096
4096
4096
4096
4096
4096
4096
4096
4096
4096
4096
4096
4096
4096
4096
4096
4096
4096
4096
346112
4096
4096
4096
4096
4096
4096
4096
4096
4096
4096
4096
4096
16384
4096
4096
4096
16384
4096
4096
4096
4096
16384
4096
4096
4096
4096
4096
4096
4096
4096
4096
4096
4096
4096
4096
6007808
2266112
637952
534528
16384
4096
4096
4096
4096
16384
51200
4096
880640
25600
4096
4096
4096
4096
16384
4096
4096
4096
4096
4096
4096
4096
4096
4096
4096
4096
4096
4096
4096
4096
16384
4096
4096
4096
16384
28672
28672
329728
2436096
1182720
30720
144384
36864
940032
632832
1346560
57344
3248128
355328
814080
351232
67584
16384
612352
55296
4096
953344
4096
4096
64512
4096
4096
4096
4096
4096
4096
4096
4096
4096
4096
16384
4096
4096
4096
4096
4096
4096
4096
4096
16384
30720
16384
16384
16384
4096
30720
4096
28672
16384
518144
41984
991232
4096
63488
16384
4096
16384
16384
456704
353280
222208
324608
4096
16384
806912
4096
4096
4096
4096
4096
1844224
3171328
12288
4096
4096
4096
4096
4096
4096
4096
16384
4096
4096
4096
4096
4096
4096
16384
4096
4096
69632
12288
40960
16384
16384
2984960
16384
40960
4096
4096
28672
40960
395264
3074048
191488
111616
402432
24576
32768
4096
32768
37888
1318912
2207744
4096
4096
4096
4096
4096
49152
4096
4096
4096
4096
4096
16384
4096
4096
4096
4096
4096
4096
4096
4096
4096
16384
4096
28672
4096
124928
28672
4096
16384
49152
4096
18432
4096
16384
16384
4096
16384
1114112
86016
4096
16384
4096
28672
1034240
8683520
3591168
6951936
1639424
718848
14610432
2705408
6144
6144
216064
4096
4096
4096
4096
4096
4096
4096
4096
4096
4096
4096
16384
4096
4096
16384
16384
4096
136192
16384
28672
4096
18432
473088
28672
601088
3806208
3372032
93184
29696
30720
4096
604160
40960
16384
4096
24576
4096
5489664
4096
16384
1257472
4096
4096
4096
4096
60416
4096
4096
4096
4096
4096
16384
4096
4096
4096
4096
4096
4096
16384
4096
4096
4096
4096
16384
4096
4096
4096
4096
4096
4096
4096
4096
4096
4096
4096
441344
4096
4096
4096
4096
4096
4096
502784
3258368
1838080
110592
4096
4096
833536
4096
4096
4096
22528
4096
4096
4096
4096
4096
4096
4096
4096
4096
4096
4096
4096
16384
4096
4096
4096
4096
16384
4096
4096
4096
4096
4096
4096
4096
4096
4096
4096
4096
4096
4096
4096
3523584
6139904
11153408
29696
35840
3232768
5851136
29696
35840
2449408
88064
1620992
89088
4096
91136
4096
4096
4096
4096
4096
4096
4096
4096
4096
4096
4096
4096
4096
4096
4096
4096
4096
4096
16384
4096
4096
4096
28672
28672
4096
16384
4820992
261120
43008
1077248
4096
16384
53248
90112
1084416
105472
3086336
83968
537600
83968
4096
603136
4096
4096
1595392
57344
4096
4096
4096
4096
4096
429056
3532800
4608000
502784
134144
30720
1019904
2970624
1239040
951296
1172480
1249280
19491840
3096576
2092032
4025344
366592
16384
16384
4096
4096
102400
16384
8311808
55296
54272
438272
3930112
106496
35840
107520
4096
4096
4096
4096
1435648
567296
765952
2725888
234496
78848
1668096
2843648
1697792
520192
455680
3812352
2898944
55296
4096
4096
4096
4096
4096
4096
4096
4096
4096
4096
4096
4096
16384
16384
20480
16384
28672
4096
4096
28672
101376
28672
16384
4096
4336640
2436096
22528
40960
18432
40960
16384
4096
4096
16384
4096
4096
4096
4096
4096
4096
1242112
4096
4096
4096
4096
4096
25600
4096
16384
4096
4096
4096
4096
4096
4096
4096
4096
4096
4096
4096
4096
4096
4096
16384
4096
4096
19456
16384
15360
16384
4096
53248
16384
4096
4096
4096
145408
16384
4096
4096
4096
4096
16384
4096
4096
4096
4096
4096
59392
4096
4096
4096
4096
4096
4096
4096
4096
4096
4096
4096
4096
4096
4096
4096
4096
4096
4096
4096
4096
4096
4096
16384
4096
4096
4096
4096
16384
40960
16384
40960
4096
4096
4096
16384
4096
102400
4096
4096
4096
16384
16384
16384
16384
4096
16384
4096
59392
4096
4096
4096
4096
4096
4096
4096
16384
4096
4096
4096
4096
4096
4096
4096
4096
4096
4096
4096
4096
4096
4096
4096
4096
4096
4096
4096
4096
4096
4096
4096
4096
4096
4096
4096
4096
16384
4096
4096
4096
936960
641024
4096
4096
4096
4096
4096
334848
4096
4096
95232
1478656
74752
16384
4096
4096
4096
4096
4096
4096
4096
45056
4096
4096
4096
4096
4096
4096
4096
4096
4096
4096
4096
4096
4096
4096
4096
4096
4096
4096
16384
4096
4096
16384
28672
4096
4096
4096
4096
4096
4096
4096
4096
4096
4096
815104
4096
4096
4096
4096
4096
4096
4096
4096
4096
4096
4096
16384
4096
4096
4096
4096
4096
4096
4096
4096
4096
4096
4096
4096
4096
4096
4096
4096
4096
4096
4096
4096
4096
16384
4096
4096
4096
4096
4096
4096
4096
4096
4096
4096
16384
4096
4096
59392
4096
4096
4096
4096
4096
4096
4096
4096
4096
4096
4096
4096
4096
4096
4096
4096
4096
4096
16384
4096
4096
4096
4096
4096
4096
16384
16384
40960
4096
23552
16384
4096
16384
4096
4096
16384
4096
30720
28672
4096
4096
4096
16384
22528
43008
4096
4096
59392
16384
4096
4096
4096
16384
4096
4096
4096
4096
4096
4096
4096
4096
4096
4096
4096
4096
4096
4096
4096
4096
4096
4096
4096
4096
4096
28672
53248
4096
40960
4096
16384
16384
4096
4096
28672
4096
4096
16384
16384
4096
16384
4096
16384
4096
28672
4096
59392
4096
4096
4096
4096
4096
4096
4096
4096
4096
4096
4096
4096
4096
4096
4096
4096
4096
4096
4096
16384
4096
4096
4096
4096
4096
4096
16384
4096
4096
4096
4096
28672
743424
647168
139264
16384
4096
4096
24576
4096
4096
247808
16384
16384
28672
4096
4096
786432
5120
4096
4096
4096
4096
4096
4096
4096
18432
4096
4096
4096
4096
4096
4096
4096
4096
4096
4096
4096
16384
4096
4096
4096
4096
4096
4096
91136
4096
4096
4096
4096
4096
4096
4096
4096
4096
16384
40960
16384
4096
4096
4096
4096
4096
4096
4096
59392
4096
4096
4096
4096
4096
4096
4096
4096
4096
4096
4096
4096
4096
4096
4096
4096
4096
4096
4096
4096
4096
4096
4096
4096
4096
4096
4096
4096
4096
4096
4096
4096
4096
4096
4096
4096
4096
4096
4096
4096
4096
4096
4096
4096
4096
4096
4096
59392
4096
4096
4096
4096
4096
4096
4096
4096
4096
4096
4096
4096
4096
4096
4096
4096
4096
4096
4096
4096
4096
4096
4096
4096
4096
4096
4096
4096
4096
4096
4096
4096
4096
4096
4096
4096
4096
4096
4096
4096
4096
4096
4096
4096
16384
28672
4096
59392
4096
4096
4096
4096
4096
4096
4096
4096
4096
4096
4096
4096
4096
4096
4096
4096
4096
4096
4096
4096
4096
4096
4096
4096
4096
4096
4096
4096
4096
238592
16384
16384
4096
28672
4096
2006016
616448
787456
2937856
4096
4096
36864
67584
28672
47104
4096
4096
1165312
12288
4096
4096
25600
4096
4096
4096
4096
4096
4096
4096
4096
4096
4096
4096
4096
4096
4096
4096
4096
4096
4096
4096
4096
4096
4096
4096
1942528
37888
28672
218112
1419264
139264
4096
161792
3368960
56320
4096
104448
1056768
17408
55296
79872
2746368
800768
505856
108544
1989632
6078464
4477952
729088
625664
29696
4096
191488
53248
4096
4096
4096
4096
4096
4096
16384
4096
121856
16384
16384
4096
4096
4096
4096
43008
16384
40960
4096
16384
855040
32768
212992
500736
1539072
28672
16384
28672
28672
4096
20480
16384
4096
1348608
154624
4096
889856
4096
249856
2859008
64512
589824
16384
16384
4096
4096
4096
4096
16384
4096
27648
4096
4096
4096
4096
4096
16384
4096
4096
4096
4096
4096
4096
26624
16384
4096
4096
6144
53248
4096
4096
49152
4096
308224
126976
864256
40960
4096
34816
16384
16384
16384
143360
40960
4096
4096
16384
1383424
57344
4096
4096
4096
4096
4096
4096
4096
4096
4096
4096
4096
4096
4096
4096
4096
4096
4096
4096
4096
4096
4096
4096
4096
4096
4096
137216
25600
4096
4096
168960
1393664
4096
16384
4096
4096
4096
4096
16384
16384
527360
734208
417792
191488
179200
18432
4096
1218560
57344
4096
4096
4096
4096
4096
4096
4096
4096
4096
4096
4096
4096
4096
4096
4096
4096
4096
4096
4096
4096
4096
4096
4096
4096
4096
4096
4096
4096
4096
4096
4096
4096
4096
4096
4096
4096
4096
4096
4096
4096
4096
4096
4096
4096
4096
4096
67584
4096
4096
4096
4096
4096
4096
4096
4096
4096
4096
4096
4096
4096
4096
4096
4096
4096
4096
4096
4096
4096
4096
4096
4096
4096
4096
4096
25600
4096
4096
4096
4096
4096
4096
4096
4096
4096
4096
4096
4096
4096
4096
4096
4096
16384
4096
4096
71680
4096
4096
4096
16384
4096
4096
4096
4096
4096
4096
4096
4096
16384
4096
4096
4096
4096
4096
4096
4096
4096
4096
4096
4096
88064
4096
16384
28672
52224
28672
53248
4096
36864
28672
640000
964608
2551808
9051136
73728
193536
1982464
3466240
12624896
3492864
89088
297984
1137664
1168384
217088
4096
25600
4096
4096
4096
36864
4096
4096
4096
4096
4096
4096
16384
4096
4096
4096
4096
16384
4096
4096
4096
4096
4096
4096
4096
30720
19456
49152
4096
4096
4096
4096
36864
487424
74752
2529280
1037312
699392
1198080
620544
16384
28672
16384
10955776
23552
48128
1362944
2154496
1278976
616448
18432
6144
1735680
378880
4096
4096
4096
4096
4096
4096
4096
4096
4096
60416
4096
4096
16384
4096
28672
16384
4096
4096
4096
4096
4096
63488
4096
4096
4096
120832
1725440
28672
16384
36864
16384
12023808
209920
98304
10861568
188416
16384
16384
30720
4167680
2837504
72704
860160
4096
4096
4096
4096
40960
16384
4096
282624
4096
4096
4096
4096
4096
4096
4096
4096
4096
16384
16384
4096
4096
4096
4096
4096
53248
30720
4096
16384
16384
70656
16384
40960
28672
18432
2111488
593920
635904
28672
16384
71680
32768
112640
75776
55296
40960
1517568
57344
4096
4096
4096
4096
25600
4096
4096
4096
4096
4096
4096
4096
4096
4096
4096
4096
4096
4096
4096
4096
4096
4096
16384
4096
4096
61440
72704
4096
3441664
410624
172032
40960
4096
6144
1040384
194560
1908736
116736
114688
16384
16384
83968
4096
16384
4096
65536
1669120
727040
6144
3107840
28672
6144
6144
67584
2912256
7460864
80896
4096
4096
4096
4096
4096
177152
134144
4096
4096
4096
4096
4096
4096
16384
4096
4096
4096
4096
4096
4096
4096
4096
4096
4096
4096
4096
55296
4096
4096
4096
4096
4096
496640
12288
4096
4096
4096
1685504
65536
62464
5770240
96256
4096
4096
4096
4096
4096
4096
4096
4096
4096
4096
4096
4096
88064
4096
4096
4096
4096
4096
4096
4096
4096
4096
4096
4096
4096
4096
4096
4096
1738752
4096
2506752
237568
4096
6144
20480
4096
4096
4096
4096
4096
4096
4096
4096
1318912
31744
4096
4096
4096
4096
4096
4096
4096
4096
4096
4096
99328
587776
4096
4096
4096
4096
22528
4096
28672
4096
4096
4096
4096
4096
16384
16384
53248
20480
2683904
851968
6144
6144
57344
502784
48128
45056
322560
226304
182272
622592
2299904
528384
192512
92160
4096
4096
1555456
57344
37888
4096
4096
4096
4096
16384
4096
4096
4096
4096
4096
4096
4096
4096
4096
4096
4096
16384
4096
4096
4096
4096
4096
4096
4096
100352
40960
198656
51200
88064
4096
16384
4096
20480
28672
16384
496640
407552
16384
16384
4096
88064
1485824
16384
4096
212992
1481728
79872
4096
4096
2725888
116736
4096
4096
4096
550912
180224
4096
4096
4096
4096
6144
4096
53248
4096
4096
4096
411648
514048
4096
4096
81920
10240
16384
45056
4096
258048
24576
325632
16384
1120256
57344
4096
75776
16384
4096
4096
365568
32768
118784
18432
891904
4096
4096
2026496
117760
187392
16384
2400256
20480
4096
96256
4096
4096
10240
772096
4096
4096
6144
375808
4096
34816
4096
4096
112640
4096
4096
4096
4096
16384
16384
28672
4096
38912
4096
16384
4096
16384
16384
4096
4096
16384
4096
40960
16384
2233344
1338368
86016
4096
81920
28672
4096
1524736
106496
116736
4096
4096
194560
4096
4096
20480
4096
4096
6144
4096
4096
4096
4096
4096
679936
28672
6144
6144
6144
6144
6144
22528
288768
1984512
67584
4096
143360
2597888
67584
1468416
268288
38912
4096
30720
733184
79872
1033216
12192768
3420160
7643136
2207744
1560576
7236608
573440
425984
2054144
744448
183296
1259520
3670016
4422656
159744
319488
4096
