%
% Title: Allegheny Electricity Prices
% Description: Max. daily elec. prices ($/MWh) in Allegheny County, PA, area, Dec. 1st, 1998 -> Nov. 30th, 2001.
%
38.05
30.13
42.45
26.79
32.7
42.75
33.36
23.92
25.27
32.99
32.21
36.66
17.98
47.9
45.9
20.93
45.9
34.7
40.05
45.9
38.67
29.9
28.92
21.75
14.88
40.5
37.24
18.69
18.03
57.23
28.51
47.59
53.69
20.61
61.52
57.14
49.72
52.52
47.67
44.45
45.9
41.21
41.8
35.18
44.03
29.31
44.3
39.58
42.87
33.19
21.72
24.08
45.1
44.97
28.22
43.35
26.22
41.99
22.6
32.45
16.58
16.66
42.18
18.37
41.5
34.22
35.28
30.41
45.43
31.53
28.48
46.3
34.04
19.25
17.6
47.47
24.35
24.63
19.25
20.18
27.29
27.44
26.8
37.06
33.13
21.5
23.02
18.92
21.25
27.03
23.21
20.45
20.82
43.95
23.06
30.92
45.9
40
43.78
37.56
64.04
29.15
24.68
39.32
36.23
26.53
26.92
45.22
32.57
21.79
45.9
45.38
31.08
20.75
27.67
23.32
40.61
32.12
44.07
33.79
22.78
21.7
41.46
30.02
13.52
43.77
36.6
49.9
29.84
29.77
27.52
43.58
55.1
30.95
42.8
39.73
52.4
32.53
31.41
47.24
56.3
52.4
38.65
56.66
34.75
44.02
41.34
52.88
50.6
28.82
27.8
27.42
69.68
45.34
44.53
52.74
47.76
27.17
51.94
38.94
29.61
38.9
57.8
32.54
32.6
22.92
32.56
52.4
39.63
43.08
32.21
43.37
39.07
57.7
42.04
24.91
28.49
28.03
39.6
37.73
27.93
35.49
52.5
70.05
56.18
24.75
44.72
63.55
850
850
74.25
31.67
52
69.24
25.44
44.64
30.5
22.92
30.65
19.05
22.64
14.88
27.21
53.7
36.19
28.19
46.73
58.73
64.08
73.04
67.25
24.08
56.11
38.66
40.92
41.21
944
920
44.57
40.15
51.4
35.83
19.19
19.31
28.29
26.82
78.15
90.4
39.55
38.35
126.07
43.62
52.71
77.8
935
88.34
67.67
919.58
935
935
999
999
430.42
71.35
75
48.17
55.45
52.73
51.42
52.47
30.85
27
65.06
81.9
150
1288.05
59.93
45.32
56.5
163.92
49.77
40.31
52.69
42.04
29.57
43
33.47
33.44
63.23
46
69.32
63.93
21.73
19.2
35.3
62.2
85.92
39.72
59.11
75
67.67
49.22
37.8
29.22
24.78
44.21
32.03
34.79
57.84
24.72
22.12
39.99
37.51
64.6
30.02
43.71
43.66
29.38
31.68
47.81
52.91
58.55
43.18
24.82
47.38
46.7
45.12
47.95
44.83
47.92
68.9
37.9
30.88
43.17
27.19
30.15
40.68
28.61
42.04
60.45
17.07
52.97
35.65
29.29
40.69
32.91
70.68
27.22
37.52
44.36
44.85
45.33
40.95
17.13
25.27
58.61
57.34
71.01
40.15
27.26
35.82
35.16
33.4
36.99
26.41
31.67
41.75
19.62
19.79
49.2
56.28
54.46
42.23
50.15
18.68
41.29
25.83
24.09
32.5
14.06
50.81
27.43
38.47
64.63
58.3
32.59
43.28
20.72
21.67
25.77
85.2
62.28
47.52
47.17
32.27
75.73
24.3
29.32
69.1
88.1
38.5
42.42
68.49
37.28
29.97
46.9
61.84
27.55
24.55
20.06
57
23.98
44.04
25.43
18.54
18.86
15.07
15.78
19.12
55.12
52.27
59.8
48.48
83.53
51.27
32.62
48.73
31.28
68.5
104.43
32.36
15.46
75
80.31
29.24
64.03
60.68
41.78
26.67
80.68
92.85
122.5
121.77
98.29
31.36
38.98
65.91
79.29
128.97
37.03
95.77
108.74
86.37
34.59
98.32
107.93
76.9
69.74
93
72.38
36.56
81.17
44.78
68.98
99.9
31.11
26.97
51.42
62.04
47.04
29.48
45.41
63.16
22.04
64.42
61.6
32.35
95.28
64.77
20.17
20.58
51.06
37.73
52.32
62.66
22.62
49.74
74.4
40.68
24.92
38.98
73.05
61.81
47.18
31.24
76.53
59.02
58.75
60.91
36.2
42.5
22.91
60.45
58.22
57.62
35.01
33.29
45.01
55.64
56.28
67.9
71.96
34.51
36.07
47.58
54.28
44.57
52.94
86.07
84.06
48.02
36.1
49.62
62.88
75.92
50.93
42.42
33.77
21.4
22.46
25.86
40.34
30.08
49.45
35.09
29.44
58.72
46.22
42.3
44.82
69.49
77.13
57.88
107.96
483.3
216.8
63.81
76.84
88
46.28
17.23
22.79
24.61
37.11
90.64
67.22
50.87
18.57
35.77
34.22
52.58
37.64
41.74
15.63
14.35
20.62
102.03
46.03
54.76
59.03
24.42
21.86
17.7
14.43
18.03
29.49
59.57
53.55
77.45
54.04
36.77
48.39
41.44
45.98
58.16
52.03
21.68
67.83
50.37
81.47
59
42.6
48.67
291.14
46.33
30.93
35.12
19.38
17.18
19.64
41.3
47.7
63.82
46.92
47.49
21.27
82.05
95.88
49.22
49.58
57.2
62.16
22.33
29.33
59.83
71.56
18.94
27.59
84.75
23.2
40.99
46.67
19.78
47.74
82.52
67.73
43.33
58.74
61.09
59.74
50.52
48.69
52.63
49.17
48.54
136.57
76.11
84.31
88.02
65.46
63.08
17.22
30.05
72.12
69.3
31.9
30.47
23.41
15.6
32.62
52.84
57.86
67.08
81.43
52.35
67.15
50.17
52.47
91.39
88.28
121.51
73.92
49.46
66.15
17.1
17.61
64.15
37.18
96.51
90.2
79.2
138.46
64.6
56.53
75.57
25.11
22.81
50.92
54.2
74.52
48.46
21.51
49.91
41.03
42.75
24.91
34.51
20.02
34.94
42.1
37.83
97
102.06
92.3
65.67
102.8
50.01
24.62
61.57
58.77
84.72
75.38
49.9
99.61
30.74
101.19
85.12
56.09
41.24
59.26
22.49
55.25
60
67.44
64.04
52.33
60.13
90.06
49.32
80.74
67.93
80
59.7
88.54
81.35
68.39
71.7
60.79
91.5
83.51
58.66
37.99
45.49
60.73
93.04
62.48
84.2
79.38
79.67
72.7
84.43
84.13
101.15
26.32
119.59
81.48
31.52
75.01
69.01
87.39
86.61
79.23
131.9
120.54
145.84
95.52
148.12
97.33
81.36
82.21
55.6
116.99
214.22
195
36.79
95.83
83.84
801.55
151.96
127.34
201.43
144.98
184.42
109.57
32.26
66.54
66.9
64.72
116.72
74.59
108.58
101.3
61.67
103.4
146.4
97.51
94.07
76.32
41.3
102.87
99.36
88.06
102.48
115.24
109.12
49.34
93.69
40.49
62.04
99.84
99.3
127.23
52.95
169.79
113.42
64.13
152.25
75.67
106.65
31.57
140.51
33.91
101.19
39.66
86.83
67.5
74.6
72.7
51.65
84.37
93.25
70.81
29.57
36.82
89.73
65.02
55.99
96.7
87.43
164.33
52.9
88.43
31.71
142.56
99.26
83.68
62.38
72.5
77.12
61.85
54.43
48.17
52.59
28.58
49.91
106.58
94.62
60
55.95
103.17
89.54
41.07
100.7
46.53
54.16
79.16
80.55
80.5
63.69
86.96
78.92
60.59
82.8
48.26
90.08
61.77
111.33
65.84
117.11
85.41
60.13
83.35
100.27
124.25
103.71
76.14
68.12
93.84
50.89
75.26
108.57
100.78
104.3
101.8
67.43
46.62
39.7
66.58
113.89
80
87.98
82.61
65
114.28
110.29
65.85
75.66
80.62
96.67
26.97
54.77
59.81
63.07
76.88
72.34
85.14
59.46
40.81
85.9
104.97
72.83
130.78
95
73.94
24.72
38.4
46.16
51.83
52.03
53.24
124.2
21.23
81.42
37.94
42.15
59.59
55.62
37.57
26.22
21.11
31.53
27.82
29.54
34.55
39.21
25.45
47.59
85.74
44
47.42
41.15
26.7
40.03
66.81
73.52
57.23
69.15
81.11
46.49
90
76.02
68.26
75.19
68.05
31.38
45.32
27.14
51.02
80.34
63.33
58.69
51.09
64.75
21.68
19.17
22.42
49.92
67.86
32.29
40.13
105.43
98.13
69.37
53.51
27.82
31.01
26.53
31.88
70.2
79.74
59.53
78.36
57.73
53.32
49.58
109.99
532.15
111.49
43.33
40.1
34.18
24.18
45.67
63.14
76.46
59.65
57.03
55.2
85.91
187.73
887.3
345.65
404.12
838.96
26.89
37.94
88.95
36.69
34.19
41.25
41.08
35.85
34
39.23
25.42
70.98
48.85
41.45
37.12
54.36
79.62
79.46
68.96
51.97
123.25
35.56
20.98
91.91
72.2
37.12
43.49
57.78
59.46
72.35
43.11
30.6
33.12
49.02
35.77
29.13
25.74
29.69
34.8
38.35
43.1
64.2
50.54
30
41.82
56.45
31.12
24.85
24.51
20.75
30.17
50.51
34.34
36.82
51.7
38.65
29.41
34.63
28.03
32.62
44.88
40.8
38.19
48.21
23.16
28.2
46.43
56.99
44.13
35.68
25.22
28.65
37.81
38.5
64.17
65.83
44.11
63.22
25.46
36.18
29.43
26.73
22.71
32
35.14
28.01
48.87
37.39
31.12
26.34
66.12
27.24
26.93
59.71
50.27
42.82
62.12
55.67
48.28
33
34.77
28.42
25.68
20.85
34.38
22.06
22.5
63
62.1
45.64
46.53
31.08
