%
% Title: National Australia Bank share prices
% Description: NAB share prices, from Feb. 9th, 2002 to Aug. 10th, 2004.
%
34.85
35.1
34.75
35.17
35.25
35.5
35.42
35.69
35.78
35.93
35.88
35.92
35.4
35.52
35.3
35.35
35.17
34.47
34.04
33.9
33.48
33.87
34
34.09
33.83
33.21
32.91
32.35
31.4
31.6
32.25
33.18
32.68
32.17
32.4
32.4
32.99
33.6
33.49
33.1
33.56
33.37
33.65
34.37
33.79
34.3
33.95
33.86
32.02
32.19
32.05
32.4
32.57
32.7
33.17
32.5
32.22
32.2
32.63
32.85
33.45
33.26
32.94
33.27
32.75
33.18
33.3
32.95
33.46
33.03
33
32.29
31.62
32.01
31.55
31.55
31.03
31.5
31.65
32.14
32.41
32.45
32.45
32.45
32.16
31.66
31.75
31.75
31.91
31.91
32.62
32.51
32.65
32.38
32.28
32.12
32.35
32.39
32.08
32.13
32.35
32.4
32.21
32.38
32.48
32.48
31.95
31.48
31.78
31.7
31.55
31.53
31.35
30.55
30.36
30.29
30.32
30.2
29.53
28.85
29.32
29.26
29.44
28.8
29.26
29.7
29.02
29.57
29.03
28.9
29.42
29.15
28.7
29.2
29.06
28.85
28.7
28.6
28.55
29.4
29.06
30.68
30.68
30.93
30.85
30.9
31.14
32.06
32.24
32.05
31.95
32.45
32.35
32.4
32.61
33.2
33.2
32.75
33
32.2
31.92
32.21
32.25
32.09
32.09
32.09
32.5
32.91
32.85
32.85
32.78
32.88
32.5
32.46
31.84
32.05
31.85
32.07
31.62
31.19
31.65
31.32
31.6
31.97
32.08
32.05
31.9
31.9
32.04
32.42
32.45
32.46
32.75
32.98
33.1
33.47
33.45
33.7
33.85
33.03
33.03
33.38
33.75
33.7
33.7
33.82
34.2
34.11
34.1
34.03
34.1
34.21
34.31
33.7
33.7
33.5
33.8
33.78
34.11
33.6
33.48
32.91
32.46
32.27
32.3
32.63
32.7
32.74
32.55
32.31
32.41
32.31
32.48
32.18
32
32.15
32.55
32.4
32.65
32.51
32.4
32.65
32.56
32.76
32.93
32.88
32.85
32.84
32.88
32.95
33.04
32.59
32.52
32.65
32.58
32.4
31.93
32.22
31.35
31.09
30.8
31
30.72
30.79
30.74
31.11
31
30.82
30.79
30.71
30.65
30.45
30.6
31.04
30.72
30.6
30.36
30.49
30.35
30.54
30.6
30.8
30.96
31.43
31.3
31.26
31.1
31.48
31.38
31
30.99
30.85
31.12
30.98
31.14
31.27
31.41
31.44
31.18
31.06
30.92
30.92
30.94
30.85
30.59
30.25
30.39
30.26
29.84
30.03
29.72
29.1
29.5
29.88
29.63
28.64
28.73
29.31
29.33
29.26
29.31
29.38
29.49
29.26
28.92
28.77
28.92
29.35
30.13
29.99
29.95
30.05
30.01
29.9
29.98
30.05
29.82
29.93
29.51
29.35
29.41
29.56
29.77
29.77
29.77
29.8
29.88
29.95
29.95
29.92
29.42
29.54
29.84
30.03
30.17
30.52
30.05
30.46
30.3
29.92
29.84
29.54
29.2
29.54
29.59
29.59
29.45
30.4
30.3
30.56
31.02
30.94
31.01
30.6
30.43
30.57
30.31
30.41
30.61
30.73
30.52
30.7
30.94
30.91
30.88
30.69
30.8
30.87
30.83
30.9
31
31.03
31.06
31.37
31.44
31.78
31.94
31.92
31.84
31.6
31.65
31.71
31.76
31.72
31.8
31.47
31.45
31.36
31.14
31.45
31.16
31.11
31
31.21
31
31.17
31.47
31.45
31.4
31.4
31.4
31.25
31.16
31.02
29.71
29.64
29.57
29.6
29.67
29.7
29.57
29.47
29.44
29.4
29.47
29.45
29.4
29.25
29.1
29.37
29.07
29.3
29.07
28.76
28.55
28.61
28.55
29.21
29.22
29.3
29.34
29.17
29.38
29.58
30.1
30.2
30.19
30.28
30.3
30.31
29.72
29.67
29.47
29.36
29.31
29.31
29.08
29.13
29.11
29.29
29.74
29.95
29.99
30.04
29.86
29.88
29.87
29.84
30.14
30.16
30.3
30.63
30.6
30.75
30.85
30.87
30.98
28.85
28.45
28.34
28
27.48
27.8
27.16
26.87
27.1
26.75
26.59
26.48
26.67
26.8
26.98
26.62
26.33
26.47
26.24
26.12
