%
% Title: National Australia Bank Share Prices
% Description: These are daily closing values of the National Australia Bank%on the Australian Stock Exchange (in Australian dollars)%from Jan. 2, 1999 to Dec. 29, 2000.
%
26.874
26.68
26.6
26.7
26.4
25.909
25.85
25.465
25.694
26.353
26.35
26.35
26.367
26.32
26.62
26.44
26.89
27.29
27.17
26.85
27.3
27.092
26.95
26.915
27.35
27.785
27.889
28.1
28.35
28.056
28.395
28.49
28.09
27.98
28.35
28.42
28.53
28.26
28.392
28.409
27.96
28.497
28.65
28.7
28.7
28.7
28.8
28.75
28.8
28.9
28.8
29.29
29.49
29.65
29.606
29.336
29.2
29.43
30.14
30.043
29.88
29.9
29.706
29.61
29.42
29
28.74
28.06
27.5
25.79
25.95
25.75
25.7
26.189
26.7
25.5
25.57
25.208
25.04
25.252
25.252
24.611
24.848
24.93
24.812
25.459
25.87
25.75
26
25.953
26.6
26.244
26.41
26.12
25.4
25.4
25.105
24.94
25.771
26.04
26
25.86
25.84
25.45
25.236
24.94
25.44
25
25.05
25.08
25.278
25.05
24.91
24.59
24.15
24.2
24.378
24.041
24.15
23.993
24.1
24.5
25
24.783
24.37
24.158
24.19
24.083
23.99
23.4
23.09
23.45
23.293
23.33
23.2
22.8
22.43
22.529
22.79
23.088
23.794
23.4
23.57
23.7
23.56
24
24.285
24.342
24.7
24.72
24.487
23.69
24.19
24.2
23.62
24.339
24.03
24.209
23.89
23.5
23.05
23.256
22.75
22.19
22.09
21.908
21.79
22.35
22.97
22.7
23
23.162
22.883
22.431
23.1
22.95
22.95
22.6
22.92
23.1
23.6
23.65
23.54
23.505
23.087
22.227
22.23
22.641
22.53
22.408
22.73
22.565
22.58
23.02
24.2
24.89
24.86
25.44
24.45
23.55
23.715
23.8
24.13
24.27
24.071
24.009
23.915
24.05
24.24
24.4
23.767
23.64
23.25
23.22
23.28
23.055
22.7
22.777
23
22.98
22.94
22.7
22.76
22.74
22.72
22.9
22.92
22.97
23.05
23.02
23.16
23.1
23.17
23.04
23.12
23.12
23.12
23.2
23.3
23.3
23.3
22.5
22.05
21.7
21.89
22.2
21.8
21.63
21.43
21.906
23.01
23.35
22.95
22.526
22.06
22.7
22.28
22.28
21.791
22.16
21.831
21.78
21.97
21.598
21.73
21.9
21.8
21.92
21.84
21.67
21.3
21.281
20.79
20.539
20.4
20.25
20.03
19.9
19.99
20.791
20.8
21.4
22.106
22.273
21.442
20.95
21.34
20.83
20.08
20.38
20.16
20.56
20.8
21.1
20.83
20.857
21.24
21.77
21.8
21.905
21.35
21.351
21.539
21.33
21.18
21.85
22.47
23.25
23.25
22.65
23.171
23.985
24.376
23.8
23.583
22.88
23.4
23.718
23.95
23.95
23.95
23.95
24.05
23.65
23.46
23.491
24.05
23.918
23.634
24.47
24.608
24.445
24.3
24.159
24.26
24.341
24.809
24.75
24.4
24.25
24.1
24.25
24.8
25
24.92
25.515
25.505
26.099
26.35
26.32
26.65
27.15
26.75
26.374
25.4
25.4
25.49
25.642
25.578
25.85
25.743
25.85
26.074
25.759
26.275
26.518
27.15
27.126
27.431
27.898
27.25
26.118
27.898
25.69
26.15
25.65
25.35
25.46
25.35
25.35
24.905
24.9
25.08
25.405
25.564
25.36
24.674
24.77
24.322
24.568
24.76
24.75
25.15
25.03
25.15
25.341
25.305
25.25
25.55
25.8
25.67
25.54
25.529
25.85
25.707
25.52
25.75
25.685
25.98
26.43
26.1
26.24
26.173
25.4
25.799
25.848
25.786
25.28
25.329
25.36
25.3
25.5
25.06
24.841
24.31
24.2
24.081
24.516
24.7
24.373
24.75
25
25
25.3
25.507
25.7
26.4
26.941
26.794
26.491
26.49
26.747
26.71
26.919
26.58
26.65
26.65
27.12
27.2
26.76
26.95
27.004
27.3
27.2
27.11
26.94
26.8
27.19
27.64
27.83
27.826
28.02
28.5
28.89
28.94
28.55
28.482
28.68
28.695
29.3
28.8
28.6
29.217
29.845
29.35
29.32
29.074
29.069
29.824
30
30.15
29.7
29.606
29.651
29.583
29.109
29.2
28.73
28.57
28.27
28.717
28.947
29.37
29.4
29.36
29.36
29.36
29.81
29.61
28.81
