%
% Title: Monthly Number of Pigs Slaughtered
%
66698
72258
73445
76131
86082
75443
73969
78139
78646
66269
73776
80034
70694
81823
75640
75540
82229
75345
77034
78589
79769
75982
78074
77588
84100
97966
89051
93503
84747
74531
91900
81635
89797
81022
78265
77271
85043
95418
79568
103283
95770
91297
101244
114525
101139
93866
95171
100183
103926
102643
108387
97077
90901
90336
88732
83759
99267
73292
78943
94399
92937
90130
91055
106062
103560
104075
101783
93791
102313
82413
83534
109011
96499
102430
103002
91815
99067
110067
101599
97646
104930
88905
89936
106723
84307
114896
106749
87892
100506
