%
% Title: Sunspot Numbers
% Description: This time series consists of monthly sunspot numbers,%collected from Jan. 1749 to Feb. 2001.%For more details about sunspots, see, for instance, www.sunspotcycle.com.
% Starttime: 17490100.0
% Timeunits: 100.0
% Timedisplay: 10000.0 2
%
  5.8000000e+001
  6.2600000e+001
  7.0000000e+001
  5.5700000e+001
  8.5000000e+001
  8.3500000e+001
  9.4800000e+001
  6.6300000e+001
  7.5900000e+001
  7.5500000e+001
  1.5860000e+002
  8.5200000e+001
  7.3300000e+001
  7.5900000e+001
  8.9200000e+001
  8.8300000e+001
  9.0000000e+001
  1.0000000e+002
  8.5400000e+001
  1.0300000e+002
  9.1200000e+001
  6.5700000e+001
  6.3300000e+001
  7.5400000e+001
  7.0000000e+001
  4.3500000e+001
  4.5300000e+001
  5.6400000e+001
  6.0700000e+001
  5.0700000e+001
  6.6300000e+001
  5.9800000e+001
  2.3500000e+001
  2.3200000e+001
  2.8500000e+001
  4.4000000e+001
  3.5000000e+001
  5.0000000e+001
  7.1000000e+001
  5.9300000e+001
  5.9700000e+001
  3.9600000e+001
  7.8400000e+001
  2.9300000e+001
  2.7100000e+001
  4.6600000e+001
  3.7600000e+001
  4.0000000e+001
  4.4000000e+001
  3.2000000e+001
  4.5700000e+001
  3.8000000e+001
  3.6000000e+001
  3.1700000e+001
  2.2000000e+001
  3.9000000e+001
  2.8000000e+001
  2.5000000e+001
  2.0000000e+001
  6.7000000e+000
  0.0000000e+000
  3.0000000e+000
  1.7000000e+000
  1.3700000e+001
  2.0700000e+001
  2.6700000e+001
  1.8800000e+001
  1.2300000e+001
  8.2000000e+000
  2.4100000e+001
  1.3200000e+001
  4.2000000e+000
  1.0200000e+001
  1.1200000e+001
  6.8000000e+000
  6.5000000e+000
  0.0000000e+000
  0.0000000e+000
  8.6000000e+000
  3.2000000e+000
  1.7800000e+001
  2.3700000e+001
  6.8000000e+000
  2.0000000e+001
  1.2500000e+001
  7.1000000e+000
  5.4000000e+000
  9.4000000e+000
  1.2500000e+001
  1.2900000e+001
  3.6000000e+000
  6.4000000e+000
  1.1800000e+001
  1.4300000e+001
  1.7000000e+001
  9.4000000e+000
  1.4100000e+001
  2.1200000e+001
  2.6200000e+001
  3.0000000e+001
  3.8100000e+001
  1.2800000e+001
  2.5000000e+001
  5.1300000e+001
  3.9700000e+001
  3.2500000e+001
  6.4700000e+001
  3.3500000e+001
  3.7600000e+001
  5.2000000e+001
  4.9000000e+001
  7.2300000e+001
  4.6400000e+001
  4.5000000e+001
  4.4000000e+001
  3.8700000e+001
  6.2500000e+001
  3.7700000e+001
  4.3000000e+001
  4.3000000e+001
  4.8300000e+001
  4.4000000e+001
  4.6800000e+001
  4.7000000e+001
  4.9000000e+001
  5.0000000e+001
  5.1000000e+001
  7.1300000e+001
  7.7200000e+001
  5.9700000e+001
  4.6300000e+001
  5.7000000e+001
  6.7300000e+001
  5.9500000e+001
  7.4700000e+001
  5.8300000e+001
  7.2000000e+001
  4.8300000e+001
  6.6000000e+001
  7.5600000e+001
  6.1300000e+001
  5.0600000e+001
  5.9700000e+001
  6.1000000e+001
  7.0000000e+001
  9.1000000e+001
  8.0700000e+001
  7.1700000e+001
  1.0720000e+002
  9.9300000e+001
  9.4100000e+001
  9.1100000e+001
  1.0070000e+002
  8.8700000e+001
  8.9700000e+001
  4.6000000e+001
  4.3800000e+001
  7.2800000e+001
  4.5700000e+001
  6.0200000e+001
  3.9900000e+001
  7.7100000e+001
  3.3800000e+001
  6.7700000e+001
  6.8500000e+001
  6.9300000e+001
  7.7800000e+001
  7.7200000e+001
  5.6500000e+001
  3.1900000e+001
  3.4200000e+001
  3.2900000e+001
  3.2700000e+001
  3.5800000e+001
  5.4200000e+001
  2.6500000e+001
  6.8100000e+001
  4.6300000e+001
  6.0900000e+001
  6.1400000e+001
  5.9700000e+001
  5.9700000e+001
  4.0200000e+001
  3.4400000e+001
  4.4300000e+001
  3.0000000e+001
  3.0000000e+001
  3.0000000e+001
  2.8200000e+001
  2.8000000e+001
  2.6000000e+001
  2.5700000e+001
  2.4000000e+001
  2.6000000e+001
  2.5000000e+001
  2.2000000e+001
  2.0200000e+001
  2.0000000e+001
  2.7000000e+001
  2.9700000e+001
  1.6000000e+001
  1.4000000e+001
  1.4000000e+001
  1.3000000e+001
  1.2000000e+001
  1.1000000e+001
  3.6600000e+001
  6.0000000e+000
  2.6800000e+001
  3.0000000e+000
  3.3000000e+000
  4.0000000e+000
  4.3000000e+000
  5.0000000e+000
  5.7000000e+000
  1.9200000e+001
  2.7400000e+001
  3.0000000e+001
  4.3000000e+001
  3.2900000e+001
  2.9800000e+001
  3.3300000e+001
  2.1900000e+001
  4.0800000e+001
  4.2700000e+001
  4.4100000e+001
  5.4700000e+001
  5.3300000e+001
  5.3500000e+001
  6.6100000e+001
  4.6300000e+001
  4.2700000e+001
  7.7700000e+001
  7.7400000e+001
  5.2600000e+001
  6.6800000e+001
  7.4800000e+001
  7.7800000e+001
  9.0600000e+001
  1.1180000e+002
  7.3900000e+001
  6.4200000e+001
  6.4300000e+001
  9.6700000e+001
  7.3600000e+001
  9.4400000e+001
  1.1860000e+002
  1.2030000e+002
  1.4880000e+002
  1.5820000e+002
  1.4810000e+002
  1.1200000e+002
  1.0400000e+002
  1.4250000e+002
  8.0100000e+001
  5.1000000e+001
  7.0100000e+001
  8.3300000e+001
  1.0980000e+002
  1.2630000e+002
  1.0440000e+002
  1.0360000e+002
  1.3220000e+002
  1.0230000e+002
  3.6000000e+001
  4.6200000e+001
  4.6700000e+001
  6.4900000e+001
  1.5270000e+002
  1.1950000e+002
  6.7700000e+001
  5.8500000e+001
  1.0140000e+002
  9.0000000e+001
  9.9700000e+001
  9.5700000e+001
  1.0090000e+002
  9.0800000e+001
  3.1100000e+001
  9.2200000e+001
  3.8000000e+001
  5.7000000e+001
  7.7300000e+001
  5.6200000e+001
  5.0500000e+001
  7.8600000e+001
  6.1300000e+001
  6.4000000e+001
  5.4600000e+001
  2.9000000e+001
  5.1200000e+001
  3.2900000e+001
  4.1100000e+001
  2.8400000e+001
  2.7700000e+001
  1.2700000e+001
  2.9300000e+001
  2.6300000e+001
  4.0900000e+001
  4.3200000e+001
  4.6800000e+001
  6.5400000e+001
  5.5700000e+001
  4.3800000e+001
  5.1300000e+001
  2.8500000e+001
  1.7500000e+001
  6.6000000e+000
  7.9000000e+000
  1.4000000e+001
  1.7700000e+001
  1.2200000e+001
  4.4000000e+000
  0.0000000e+000
  1.1600000e+001
  1.1200000e+001
  3.9000000e+000
  1.2300000e+001
  1.0000000e+000
  7.9000000e+000
  3.2000000e+000
  5.6000000e+000
  1.5100000e+001
  7.9000000e+000
  2.1700000e+001
  1.1600000e+001
  6.3000000e+000
  2.1800000e+001
  1.1200000e+001
  1.9000000e+001
  1.0000000e+000
  2.4200000e+001
  1.6000000e+001
  3.0000000e+001
  3.5000000e+001
  4.0000000e+001
  4.5000000e+001
  3.6500000e+001
  3.9000000e+001
  9.5500000e+001
  8.0300000e+001
  8.0700000e+001
  9.5000000e+001
  1.1200000e+002
  1.1620000e+002
  1.0650000e+002
  1.4600000e+002
  1.5730000e+002
  1.7730000e+002
  1.0930000e+002
  1.3400000e+002
  1.4500000e+002
  2.3890000e+002
  1.7160000e+002
  1.5300000e+002
  1.4000000e+002
  1.7170000e+002
  1.5630000e+002
  1.5030000e+002
  1.0500000e+002
  1.1470000e+002
  1.6570000e+002
  1.1800000e+002
  1.4500000e+002
  1.4000000e+002
  1.1370000e+002
  1.4300000e+002
  1.1200000e+002
  1.1100000e+002
  1.2400000e+002
  1.1400000e+002
  1.1000000e+002
  7.0000000e+001
  9.8000000e+001
  9.8000000e+001
  9.5000000e+001
  1.0720000e+002
  8.8000000e+001
  8.6000000e+001
  8.6000000e+001
  9.3700000e+001
  7.7000000e+001
  6.0000000e+001
  5.8700000e+001
  9.8700000e+001
  7.4700000e+001
  5.3000000e+001
  6.8300000e+001
  1.0470000e+002
  9.7700000e+001
  7.3500000e+001
  6.6000000e+001
  5.1000000e+001
  2.7300000e+001
  6.7000000e+001
  3.5200000e+001
  5.4000000e+001
  3.7500000e+001
  3.7000000e+001
  4.1000000e+001
  5.4300000e+001
  3.8000000e+001
  3.7000000e+001
  4.4000000e+001
  3.4000000e+001
  2.3200000e+001
  3.1500000e+001
  3.0000000e+001
  2.8000000e+001
  3.8700000e+001
  2.6700000e+001
  2.8300000e+001
  2.3000000e+001
  2.5200000e+001
  3.2200000e+001
  2.0000000e+001
  1.8000000e+001
  8.0000000e+000
  1.5000000e+001
  1.0500000e+001
  1.3000000e+001
  8.0000000e+000
  1.1000000e+001
  1.0000000e+001
  6.0000000e+000
  9.0000000e+000
  6.0000000e+000
  1.0000000e+001
  1.0000000e+001
  8.0000000e+000
  1.7000000e+001
  1.4000000e+001
  6.5000000e+000
  8.0000000e+000
  9.0000000e+000
  1.5700000e+001
  2.0700000e+001
  2.6300000e+001
  3.6300000e+001
  2.0000000e+001
  3.2000000e+001
  4.7200000e+001
  4.0200000e+001
  2.7300000e+001
  3.7200000e+001
  4.7600000e+001
  4.7700000e+001
  8.5400000e+001
  9.2300000e+001
  5.9000000e+001
  8.3000000e+001
  8.9700000e+001
  1.1150000e+002
  1.1230000e+002
  1.1600000e+002
  1.1270000e+002
  1.3470000e+002
  1.0600000e+002
  8.7400000e+001
  1.2720000e+002
  1.3480000e+002
  9.9200000e+001
  1.2800000e+002
  1.3720000e+002
  1.5730000e+002
  1.5700000e+002
  1.4150000e+002
  1.7400000e+002
  1.3800000e+002
  1.2920000e+002
  1.4330000e+002
  1.0850000e+002
  1.1300000e+002
  1.5420000e+002
  1.4150000e+002
  1.3600000e+002
  1.4100000e+002
  1.4200000e+002
  9.4700000e+001
  1.2950000e+002
  1.1400000e+002
  1.2530000e+002
  1.2000000e+002
  1.2330000e+002
  1.2350000e+002
  1.2000000e+002
  1.1700000e+002
  1.0300000e+002
  1.1200000e+002
  8.9700000e+001
  1.3400000e+002
  1.3550000e+002
  1.0300000e+002
  1.2750000e+002
  9.6300000e+001
  9.4000000e+001
  9.3000000e+001
  9.1000000e+001
  6.9300000e+001
  8.7000000e+001
  7.7300000e+001
  8.4300000e+001
  8.2000000e+001
  7.4000000e+001
  7.2700000e+001
  6.2000000e+001
  7.4000000e+001
  7.7200000e+001
  7.3700000e+001
  6.4200000e+001
  7.1000000e+001
  4.3000000e+001
  6.6500000e+001
  6.1700000e+001
  6.7000000e+001
  6.6000000e+001
  5.8000000e+001
  6.4000000e+001
  6.3000000e+001
  7.5700000e+001
  6.2000000e+001
  6.1000000e+001
  4.5800000e+001
  6.0000000e+001
  5.9000000e+001
  5.9000000e+001
  5.7000000e+001
  5.6000000e+001
  5.6000000e+001
  5.5000000e+001
  5.5500000e+001
  5.3000000e+001
  5.2300000e+001
  5.1000000e+001
  5.0000000e+001
  2.9300000e+001
  2.4000000e+001
  4.7000000e+001
  4.4000000e+001
  4.5700000e+001
  4.5000000e+001
  4.4000000e+001
  3.8000000e+001
  2.8400000e+001
  5.5700000e+001
  4.1500000e+001
  4.1000000e+001
  4.0000000e+001
  1.1100000e+001
  2.8500000e+001
  6.7400000e+001
  5.1400000e+001
  2.1400000e+001
  3.9900000e+001
  1.2600000e+001
  1.8600000e+001
  3.1000000e+001
  1.7100000e+001
  1.2900000e+001
  2.5700000e+001
  1.3500000e+001
  1.9500000e+001
  2.5000000e+001
  1.8000000e+001
  2.2000000e+001
  2.3800000e+001
  1.5700000e+001
  3.1700000e+001
  2.1000000e+001
  6.7000000e+000
  2.6900000e+001
  1.5000000e+000
  1.8400000e+001
  1.1000000e+001
  8.4000000e+000
  5.1000000e+000
  1.4400000e+001
  4.2000000e+000
  4.0000000e+000
  4.0000000e+000
  7.3000000e+000
  1.1100000e+001
  4.3000000e+000
  6.0000000e+000
  5.7000000e+000
  6.9000000e+000
  5.8000000e+000
  3.0000000e+000
  2.0000000e+000
  4.0000000e+000
  1.2400000e+001
  1.1000000e+000
  0.0000000e+000
  0.0000000e+000
  0.0000000e+000
  3.0000000e+000
  2.4000000e+000
  1.5000000e+000
  1.2500000e+001
  9.9000000e+000
  1.6000000e+000
  1.2600000e+001
  2.1700000e+001
  8.4000000e+000
  8.2000000e+000
  1.0600000e+001
  2.1000000e+000
  0.0000000e+000
  0.0000000e+000
  4.6000000e+000
  2.7000000e+000
  8.6000000e+000
  6.9000000e+000
  9.3000000e+000
  1.3900000e+001
  0.0000000e+000
  5.0000000e+000
  2.3700000e+001
  2.1000000e+001
  1.9500000e+001
  1.1500000e+001
  1.2300000e+001
  1.0500000e+001
  4.0100000e+001
  2.7000000e+001
  2.9000000e+001
  3.0000000e+001
  3.1000000e+001
  3.2000000e+001
  3.1200000e+001
  3.5000000e+001
  3.8700000e+001
  3.3500000e+001
  3.2600000e+001
  3.9800000e+001
  4.8200000e+001
  4.7800000e+001
  4.7000000e+001
  4.0800000e+001
  4.2000000e+001
  4.4000000e+001
  4.6000000e+001
  4.8000000e+001
  5.0000000e+001
  5.1800000e+001
  3.8500000e+001
  3.4500000e+001
  5.0000000e+001
  5.0000000e+001
  5.0800000e+001
  2.9500000e+001
  2.5000000e+001
  4.4300000e+001
  3.6000000e+001
  4.8300000e+001
  3.4100000e+001
  4.5300000e+001
  5.4300000e+001
  5.1000000e+001
  4.8000000e+001
  4.5300000e+001
  4.8300000e+001
  4.8000000e+001
  5.0600000e+001
  3.3400000e+001
  3.4800000e+001
  2.9800000e+001
  4.3100000e+001
  5.3000000e+001
  6.2300000e+001
  6.1000000e+001
  6.0000000e+001
  6.1000000e+001
  4.4100000e+001
  5.1400000e+001
  3.7500000e+001
  3.9000000e+001
  4.0500000e+001
  3.7600000e+001
  4.2700000e+001
  4.4400000e+001
  2.9400000e+001
  4.1000000e+001
  3.8300000e+001
  3.9000000e+001
  2.9600000e+001
  3.2700000e+001
  2.7700000e+001
  2.6400000e+001
  2.5600000e+001
  3.0000000e+001
  2.6300000e+001
  2.4000000e+001
  2.7000000e+001
  2.5000000e+001
  2.4000000e+001
  1.2000000e+001
  1.2200000e+001
  9.6000000e+000
  2.3800000e+001
  1.0000000e+001
  1.2000000e+001
  1.2700000e+001
  1.2000000e+001
  5.7000000e+000
  8.0000000e+000
  2.6000000e+000
  0.0000000e+000
  0.0000000e+000
  4.5000000e+000
  0.0000000e+000
  1.2300000e+001
  1.3500000e+001
  1.3500000e+001
  6.7000000e+000
  8.0000000e+000
  1.1700000e+001
  4.7000000e+000
  1.0500000e+001
  1.2300000e+001
  7.2000000e+000
  9.2000000e+000
  9.0000000e-001
  2.5000000e+000
  2.0000000e+000
  7.7000000e+000
  3.0000000e-001
  2.0000000e-001
  4.0000000e-001
  0.0000000e+000
  0.0000000e+000
  0.0000000e+000
  0.0000000e+000
  0.0000000e+000
  0.0000000e+000
  0.0000000e+000
  0.0000000e+000
  0.0000000e+000
  0.0000000e+000
  0.0000000e+000
  0.0000000e+000
  0.0000000e+000
  0.0000000e+000
  0.0000000e+000
  0.0000000e+000
  0.0000000e+000
  0.0000000e+000
  0.0000000e+000
  0.0000000e+000
  0.0000000e+000
  6.6000000e+000
  0.0000000e+000
  2.4000000e+000
  6.1000000e+000
  8.0000000e-001
  1.1000000e+000
  1.1300000e+001
  1.9000000e+000
  7.0000000e-001
  0.0000000e+000
  1.0000000e+000
  1.3000000e+000
  5.0000000e-001
  1.5600000e+001
  5.2000000e+000
  3.9000000e+000
  7.9000000e+000
  1.0100000e+001
  0.0000000e+000
  1.0300000e+001
  1.9000000e+000
  1.6600000e+001
  5.5000000e+000
  1.1200000e+001
  1.8300000e+001
  8.4000000e+000
  1.5300000e+001
  2.7800000e+001
  1.6700000e+001
  1.4300000e+001
  2.2200000e+001
  1.2000000e+001
  5.7000000e+000
  2.3800000e+001
  5.8000000e+000
  1.4900000e+001
  1.8500000e+001
  2.3000000e+000
  8.1000000e+000
  1.9300000e+001
  1.4500000e+001
  2.0100000e+001
  1.9200000e+001
  3.2200000e+001
  2.6200000e+001
  3.1600000e+001
  9.8000000e+000
  5.5900000e+001
  3.5500000e+001
  4.7200000e+001
  3.1500000e+001
  3.3500000e+001
  3.7200000e+001
  6.5000000e+001
  2.6300000e+001
  6.8800000e+001
  7.3700000e+001
  5.8800000e+001
  4.4300000e+001
  4.3600000e+001
  3.8800000e+001
  2.3200000e+001
  4.7800000e+001
  5.6400000e+001
  3.8100000e+001
  2.9900000e+001
  3.6400000e+001
  5.7900000e+001
  9.6200000e+001
  2.6400000e+001
  2.1200000e+001
  4.0000000e+001
  5.0000000e+001
  4.5000000e+001
  3.6700000e+001
  2.5600000e+001
  2.8900000e+001
  2.8400000e+001
  3.4900000e+001
  2.2400000e+001
  2.5400000e+001
  3.4500000e+001
  5.3100000e+001
  3.6400000e+001
  2.8000000e+001
  3.1500000e+001
  2.6100000e+001
  3.1600000e+001
  1.0900000e+001
  2.5800000e+001
  3.2800000e+001
  2.0700000e+001
  3.7000000e+000
  2.0200000e+001
  1.9600000e+001
  3.5000000e+001
  3.1400000e+001
  2.6100000e+001
  1.4900000e+001
  2.7500000e+001
  2.5100000e+001
  3.0600000e+001
  1.9200000e+001
  2.6600000e+001
  4.5000000e+000
  1.9400000e+001
  2.9300000e+001
  1.0800000e+001
  2.0600000e+001
  2.5900000e+001
  5.2000000e+000
  8.9000000e+000
  7.9000000e+000
  9.1000000e+000
  2.1500000e+001
  4.2000000e+000
  5.7000000e+000
  9.2000000e+000
  1.7000000e+000
  1.8000000e+000
  2.5000000e+000
  4.8000000e+000
  4.4000000e+000
  1.8800000e+001
  4.4000000e+000
  2.0000000e-001
  0.0000000e+000
  9.0000000e-001
  1.6100000e+001
  1.3500000e+001
  1.5000000e+000
  5.6000000e+000
  7.9000000e+000
  2.1000000e+000
  0.0000000e+000
  4.0000000e-001
  0.0000000e+000
  0.0000000e+000
  0.0000000e+000
  0.0000000e+000
  6.0000000e-001
  0.0000000e+000
  0.0000000e+000
  0.0000000e+000
  5.0000000e-001
  0.0000000e+000
  0.0000000e+000
  0.0000000e+000
  0.0000000e+000
  2.0400000e+001
  2.1700000e+001
  1.0800000e+001
  0.0000000e+000
  1.9400000e+001
  2.8000000e+000
  0.0000000e+000
  0.0000000e+000
  1.4000000e+000
  2.0500000e+001
  2.5200000e+001
  0.0000000e+000
  8.0000000e-001
  5.0000000e+000
  1.5500000e+001
  2.2400000e+001
  3.8000000e+000
  1.5500000e+001
  1.5400000e+001
  3.0900000e+001
  2.5700000e+001
  1.5700000e+001
  1.5600000e+001
  1.1700000e+001
  2.2000000e+001
  1.7700000e+001
  1.8200000e+001
  3.6700000e+001
  2.4000000e+001
  3.2400000e+001
  3.7100000e+001
  5.2500000e+001
  3.9600000e+001
  1.8900000e+001
  5.0600000e+001
  3.9500000e+001
  6.8100000e+001
  3.4600000e+001
  4.7400000e+001
  5.7800000e+001
  4.6000000e+001
  5.6300000e+001
  5.6700000e+001
  4.2300000e+001
  5.3700000e+001
  4.9600000e+001
  5.6100000e+001
  4.8200000e+001
  4.6100000e+001
  5.2800000e+001
  6.4400000e+001
  6.5000000e+001
  6.1100000e+001
  8.9100000e+001
  9.8000000e+001
  5.4200000e+001
  7.6400000e+001
  5.0400000e+001
  5.4700000e+001
  5.7000000e+001
  4.6900000e+001
  4.3000000e+001
  4.9400000e+001
  7.2300000e+001
  9.5000000e+001
  6.7400000e+001
  7.3900000e+001
  9.0800000e+001
  7.7600000e+001
  5.2800000e+001
  5.7200000e+001
  6.7600000e+001
  5.6500000e+001
  5.2200000e+001
  7.2100000e+001
  8.4600000e+001
  1.0630000e+002
  6.6300000e+001
  6.5100000e+001
  4.3900000e+001
  5.0700000e+001
  6.2100000e+001
  8.4400000e+001
  8.1200000e+001
  8.2100000e+001
  4.7500000e+001
  5.0100000e+001
  9.3400000e+001
  5.4500000e+001
  3.8100000e+001
  3.3400000e+001
  4.5200000e+001
  5.5000000e+001
  3.7900000e+001
  4.6300000e+001
  4.3500000e+001
  2.8900000e+001
  3.0900000e+001
  5.5600000e+001
  5.5100000e+001
  2.6900000e+001
  4.1300000e+001
  2.6700000e+001
  1.4000000e+001
  8.9000000e+000
  8.2000000e+000
  2.1100000e+001
  1.4300000e+001
  2.7500000e+001
  1.1300000e+001
  1.4900000e+001
  1.1800000e+001
  2.8000000e+000
  1.2900000e+001
  1.0000000e+000
  7.0000000e+000
  5.7000000e+000
  1.1600000e+001
  7.5000000e+000
  5.9000000e+000
  9.9000000e+000
  4.9000000e+000
  1.8100000e+001
  3.9000000e+000
  1.4000000e+000
  8.8000000e+000
  7.8000000e+000
  8.7000000e+000
  4.0000000e+000
  1.1500000e+001
  2.4800000e+001
  3.0500000e+001
  3.4500000e+001
  7.5000000e+000
  2.4500000e+001
  1.9700000e+001
  6.1500000e+001
  4.3600000e+001
  3.3200000e+001
  5.9800000e+001
  5.9000000e+001
  1.0080000e+002
  9.5200000e+001
  1.0000000e+002
  7.7500000e+001
  8.8600000e+001
  1.0760000e+002
  9.8200000e+001
  1.4290000e+002
  1.1140000e+002
  1.2470000e+002
  1.1670000e+002
  1.0780000e+002
  9.5100000e+001
  1.3740000e+002
  1.2090000e+002
  2.0620000e+002
  1.8800000e+002
  1.7560000e+002
  1.3460000e+002
  1.3820000e+002
  1.1170000e+002
  1.5800000e+002
  1.6280000e+002
  1.3400000e+002
  9.6300000e+001
  1.2370000e+002
  1.0700000e+002
  1.2980000e+002
  1.4490000e+002
  8.4800000e+001
  1.4080000e+002
  1.2660000e+002
  1.3760000e+002
  9.4500000e+001
  1.0820000e+002
  7.8800000e+001
  7.3600000e+001
  9.0800000e+001
  7.7400000e+001
  7.9800000e+001
  1.0560000e+002
  1.0250000e+002
  7.7700000e+001
  6.1800000e+001
  5.3800000e+001
  5.4600000e+001
  8.4800000e+001
  1.3120000e+002
  1.3270000e+002
  9.0900000e+001
  6.8800000e+001
  6.3700000e+001
  8.1200000e+001
  8.7700000e+001
  6.7800000e+001
  6.5900000e+001
  6.9200000e+001
  4.8500000e+001
  6.0700000e+001
  5.7800000e+001
  7.4000000e+001
  5.5000000e+001
  5.4300000e+001
  5.3700000e+001
  2.4100000e+001
  2.9900000e+001
  2.9700000e+001
  4.0200000e+001
  6.7500000e+001
  5.5700000e+001
  3.0800000e+001
  3.9300000e+001
  3.6500000e+001
  2.8500000e+001
  1.9800000e+001
  3.8800000e+001
  2.0400000e+001
  2.2100000e+001
  2.1700000e+001
  2.6900000e+001
  2.4900000e+001
  2.0500000e+001
  1.2600000e+001
  2.6600000e+001
  1.8400000e+001
  3.8100000e+001
  4.0500000e+001
  1.7600000e+001
  1.3300000e+001
  3.5000000e+000
  8.3000000e+000
  9.5000000e+000
  2.1100000e+001
  1.0500000e+001
  9.5000000e+000
  1.1800000e+001
  4.2000000e+000
  5.3000000e+000
  1.9100000e+001
  1.2700000e+001
  9.4000000e+000
  1.4700000e+001
  1.3600000e+001
  2.0800000e+001
  1.1600000e+001
  3.7000000e+000
  2.1200000e+001
  2.3900000e+001
  7.0000000e+000
  2.1500000e+001
  1.0700000e+001
  2.1600000e+001
  2.5700000e+001
  4.3600000e+001
  4.3300000e+001
  5.7000000e+001
  4.7800000e+001
  3.1100000e+001
  3.0600000e+001
  3.2300000e+001
  2.9600000e+001
  4.0700000e+001
  3.9400000e+001
  5.9700000e+001
  3.8700000e+001
  5.1000000e+001
  6.3900000e+001
  6.9300000e+001
  5.9900000e+001
  6.5100000e+001
  4.6500000e+001
  5.4800000e+001
  1.0710000e+002
  5.5900000e+001
  6.0400000e+001
  6.5500000e+001
  6.2600000e+001
  4.4900000e+001
  8.5700000e+001
  4.4700000e+001
  7.5400000e+001
  8.5300000e+001
  5.2200000e+001
  1.4060000e+002
  1.6090000e+002
  1.8040000e+002
  1.3890000e+002
  1.0960000e+002
  1.5910000e+002
  1.1180000e+002
  1.0860000e+002
  1.0710000e+002
  1.0220000e+002
  1.2900000e+002
  1.3920000e+002
  1.3260000e+002
  1.0030000e+002
  1.3240000e+002
  1.1460000e+002
  1.5950000e+002
  1.5700000e+002
  1.3180000e+002
  9.6200000e+001
  1.0250000e+002
  8.0600000e+001
  8.1100000e+001
  7.8000000e+001
  6.7700000e+001
  9.3700000e+001
  7.1500000e+001
  9.9000000e+001
  9.7000000e+001
  7.8000000e+001
  8.9400000e+001
  8.2600000e+001
  4.4100000e+001
  6.1600000e+001
  7.0000000e+001
  3.9100000e+001
  6.1600000e+001
  8.6200000e+001
  7.1000000e+001
  5.4800000e+001
  6.1000000e+001
  7.5500000e+001
  1.0540000e+002
  6.4600000e+001
  5.6500000e+001
  6.2600000e+001
  6.3200000e+001
  3.6100000e+001
  5.7400000e+001
  6.7900000e+001
  6.2500000e+001
  5.1000000e+001
  7.1400000e+001
  6.8400000e+001
  6.6400000e+001
  6.1200000e+001
  6.5400000e+001
  5.4900000e+001
  4.6900000e+001
  4.2100000e+001
  3.9700000e+001
  3.7500000e+001
  6.7300000e+001
  5.4300000e+001
  4.5400000e+001
  4.1100000e+001
  4.2900000e+001
  3.7700000e+001
  4.7600000e+001
  3.4700000e+001
  4.0000000e+001
  4.5900000e+001
  5.0500000e+001
  3.3500000e+001
  4.2400000e+001
  2.8800000e+001
  2.3400000e+001
  1.5400000e+001
  2.0000000e+001
  2.0700000e+001
  2.6500000e+001
  2.4000000e+001
  2.1100000e+001
  1.8700000e+001
  1.5800000e+001
  2.2400000e+001
  1.2600000e+001
  2.8200000e+001
  2.1600000e+001
  1.2300000e+001
  1.1400000e+001
  1.7400000e+001
  4.4000000e+000
  9.1000000e+000
  5.3000000e+000
  4.0000000e-001
  3.1000000e+000
  0.0000000e+000
  9.6000000e+000
  4.2000000e+000
  3.1000000e+000
  5.0000000e-001
  4.9000000e+000
  4.0000000e-001
  6.5000000e+000
  0.0000000e+000
  5.2000000e+000
  4.6000000e+000
  5.9000000e+000
  4.4000000e+000
  4.5000000e+000
  7.7000000e+000
  7.2000000e+000
  1.3700000e+001
  7.4000000e+000
  5.2000000e+000
  1.1100000e+001
  2.8500000e+001
  1.6000000e+001
  2.2200000e+001
  1.6900000e+001
  4.2400000e+001
  4.0600000e+001
  3.1400000e+001
  3.7200000e+001
  3.9000000e+001
  3.4900000e+001
  5.7500000e+001
  3.8300000e+001
  4.1400000e+001
  4.4500000e+001
  5.6700000e+001
  5.5300000e+001
  8.0100000e+001
  9.1200000e+001
  5.1900000e+001
  6.6900000e+001
  8.3700000e+001
  8.7600000e+001
  9.0300000e+001
  8.5700000e+001
  9.1000000e+001
  8.7100000e+001
  9.5200000e+001
  1.0680000e+002
  1.0580000e+002
  1.1460000e+002
  9.7200000e+001
  8.1000000e+001
  8.2400000e+001
  8.8300000e+001
  9.8900000e+001
  7.1400000e+001
  1.0710000e+002
  1.0860000e+002
  1.1670000e+002
  1.0030000e+002
  9.2200000e+001
  9.0100000e+001
  9.7900000e+001
  9.5600000e+001
  6.2300000e+001
  7.7700000e+001
  1.0100000e+002
  9.8500000e+001
  5.6800000e+001
  8.8100000e+001
  7.8000000e+001
  8.2500000e+001
  7.9900000e+001
  6.7200000e+001
  5.3700000e+001
  8.0500000e+001
  6.3100000e+001
  6.4500000e+001
  4.3600000e+001
  5.3700000e+001
  6.4400000e+001
  8.4000000e+001
  7.3400000e+001
  6.2500000e+001
  6.6600000e+001
  4.1900000e+001
  5.0600000e+001
  4.0900000e+001
  4.8300000e+001
  5.6700000e+001
  6.6400000e+001
  4.0600000e+001
  5.3800000e+001
  4.0800000e+001
  3.2700000e+001
  4.8100000e+001
  2.2000000e+001
  3.9900000e+001
  3.7700000e+001
  4.1200000e+001
  5.7700000e+001
  4.7100000e+001
  6.6300000e+001
  3.5800000e+001
  4.0600000e+001
  5.7800000e+001
  5.4700000e+001
  5.4800000e+001
  2.8500000e+001
  3.3900000e+001
  5.7600000e+001
  2.8600000e+001
  4.8700000e+001
  3.9300000e+001
  3.9500000e+001
  2.9400000e+001
  3.4500000e+001
  3.3600000e+001
  2.6800000e+001
  3.7800000e+001
  2.1600000e+001
  1.7100000e+001
  2.4600000e+001
  1.2800000e+001
  3.1600000e+001
  3.8400000e+001
  2.4500000e+001
  1.7600000e+001
  1.2900000e+001
  1.6500000e+001
  9.3000000e+000
  1.2700000e+001
  7.3000000e+000
  1.4100000e+001
  9.0000000e+000
  1.5000000e+000
  0.0000000e+000
  7.0000000e-001
  9.2000000e+000
  5.1000000e+000
  2.9000000e+000
  1.5000000e+000
  5.0000000e+000
  4.8000000e+000
  9.8000000e+000
  1.3500000e+001
  9.6000000e+000
  2.5200000e+001
  1.5500000e+001
  1.5700000e+001
  2.6500000e+001
  3.6600000e+001
  2.6700000e+001
  3.1100000e+001
  2.9000000e+001
  3.4400000e+001
  4.7200000e+001
  6.1600000e+001
  5.9100000e+001
  6.7600000e+001
  6.0900000e+001
  5.9900000e+001
  5.2700000e+001
  4.1000000e+001
  1.0390000e+002
  1.0840000e+002
  5.9200000e+001
  7.9600000e+001
  8.0600000e+001
  5.9300000e+001
  7.8100000e+001
  1.0440000e+002
  7.7300000e+001
  1.1490000e+002
  1.5750000e+002
  1.6000000e+002
  1.7600000e+002
  1.3560000e+002
  1.3240000e+002
  1.5380000e+002
  1.3600000e+002
  1.4640000e+002
  1.4750000e+002
  1.3000000e+002
  8.8300000e+001
  1.2530000e+002
  1.4320000e+002
  1.6240000e+002
  1.4550000e+002
  9.1700000e+001
  1.0300000e+002
  1.1010000e+002
  8.0300000e+001
  8.9000000e+001
  1.0540000e+002
  9.0400000e+001
  7.9500000e+001
  1.2010000e+002
  8.8400000e+001
  1.0210000e+002
  1.0760000e+002
  1.0990000e+002
  1.0550000e+002
  9.2900000e+001
  1.1460000e+002
  1.0260000e+002
  1.1200000e+002
  8.3900000e+001
  8.6700000e+001
  1.0700000e+002
  9.8300000e+001
  7.6200000e+001
  4.7900000e+001
  4.4800000e+001
  6.6900000e+001
  6.8200000e+001
  4.7100000e+001
  4.7100000e+001
  5.5400000e+001
  4.9200000e+001
  6.0800000e+001
  6.4200000e+001
  4.6400000e+001
  3.2000000e+001
  4.4600000e+001
  3.8200000e+001
  6.7800000e+001
  6.1300000e+001
  2.8000000e+001
  3.4300000e+001
  2.8900000e+001
  2.9300000e+001
  1.4600000e+001
  2.1500000e+001
  3.3800000e+001
  2.9100000e+001
  1.1500000e+001
  2.3900000e+001
  1.2500000e+001
  1.4600000e+001
  2.4000000e+000
  1.2700000e+001
  1.7700000e+001
  9.9000000e+000
  1.4300000e+001
  1.5000000e+001
  3.0600000e+001
  2.3000000e+000
  5.1000000e+000
  1.6000000e+000
  1.5200000e+001
  8.8000000e+000
  9.9000000e+000
  1.4300000e+001
  9.9000000e+000
  8.2000000e+000
  2.4400000e+001
  8.7000000e+000
  1.1900000e+001
  1.5800000e+001
  2.1600000e+001
  1.4200000e+001
  6.0000000e+000
  6.3000000e+000
  1.6900000e+001
  6.7000000e+000
  1.4200000e+001
  2.2000000e+000
  3.3000000e+000
  6.6000000e+000
  7.8000000e+000
  1.0000000e-001
  5.9000000e+000
  6.4000000e+000
  1.0000000e-001
  0.0000000e+000
  5.3000000e+000
  1.1000000e+000
  4.1000000e+000
  5.0000000e-001
  1.0000000e+000
  6.0000000e-001
  0.0000000e+000
  6.2000000e+000
  2.4000000e+000
  4.8000000e+000
  7.5000000e+000
  1.0700000e+001
  6.1000000e+000
  1.2300000e+001
  1.3100000e+001
  7.3000000e+000
  2.4000000e+001
  2.7200000e+001
  1.9300000e+001
  1.9500000e+001
  2.3500000e+001
  3.4100000e+001
  2.1900000e+001
  4.8100000e+001
  6.6000000e+001
  4.3000000e+001
  3.0700000e+001
  2.9600000e+001
  3.6400000e+001
  5.3200000e+001
  5.1500000e+001
  5.1600000e+001
  4.3500000e+001
  6.0500000e+001
  7.6900000e+001
  5.8400000e+001
  5.3200000e+001
  6.4400000e+001
  5.4800000e+001
  4.7300000e+001
  4.5000000e+001
  6.9500000e+001
  6.6800000e+001
  9.5800000e+001
  6.4100000e+001
  4.5200000e+001
  4.5400000e+001
  4.0400000e+001
  5.7700000e+001
  5.9200000e+001
  8.4400000e+001
  4.1800000e+001
  6.0600000e+001
  4.6900000e+001
  4.2800000e+001
  8.2100000e+001
  3.1500000e+001
  7.6300000e+001
  8.0600000e+001
  4.6000000e+001
  5.2600000e+001
  8.3800000e+001
  8.4500000e+001
  7.5900000e+001
  9.1500000e+001
  8.6900000e+001
  8.7500000e+001
  7.6100000e+001
  6.6500000e+001
  5.1200000e+001
  5.3100000e+001
  5.5800000e+001
  6.1900000e+001
  4.7800000e+001
  3.6600000e+001
  4.7200000e+001
  4.2800000e+001
  7.1800000e+001
  4.9800000e+001
  5.5000000e+001
  7.3000000e+001
  8.3700000e+001
  6.6500000e+001
  5.0000000e+001
  3.9600000e+001
  3.8700000e+001
  3.0900000e+001
  2.1700000e+001
  2.9900000e+001
  2.5900000e+001
  5.7300000e+001
  4.3700000e+001
  3.0700000e+001
  2.7100000e+001
  3.0300000e+001
  1.6900000e+001
  2.1400000e+001
  8.6000000e+000
  3.0000000e-001
  1.3000000e+001
  1.0300000e+001
  1.3200000e+001
  4.2000000e+000
  6.9000000e+000
  2.0000000e+001
  1.5700000e+001
  2.3400000e+001
  2.1400000e+001
  7.4000000e+000
  6.6000000e+000
  6.9000000e+000
  2.0700000e+001
  1.2700000e+001
  7.1000000e+000
  7.8000000e+000
  5.1000000e+000
  7.0000000e+000
  7.1000000e+000
  3.1000000e+000
  2.8000000e+000
  8.8000000e+000
  2.1000000e+000
  1.0700000e+001
  6.7000000e+000
  8.0000000e-001
  8.5000000e+000
  6.7000000e+000
  4.3000000e+000
  2.4000000e+000
  6.4000000e+000
  9.4000000e+000
  2.0600000e+001
  6.5000000e+000
  2.1000000e+000
  2.0000000e-001
  6.7000000e+000
  5.3000000e+000
  6.0000000e-001
  5.1000000e+000
  1.6000000e+000
  4.8000000e+000
  1.3000000e+000
  1.1600000e+001
  8.5000000e+000
  1.7200000e+001
  1.1200000e+001
  9.6000000e+000
  7.8000000e+000
  1.3500000e+001
  2.2200000e+001
  1.0400000e+001
  2.0500000e+001
  4.1100000e+001
  4.8300000e+001
  5.8800000e+001
  3.3000000e+001
  5.3800000e+001
  5.1500000e+001
  4.1900000e+001
  3.2500000e+001
  6.9100000e+001
  7.5600000e+001
  4.9900000e+001
  6.9600000e+001
  7.9600000e+001
  7.6300000e+001
  7.6500000e+001
  1.0140000e+002
  6.2800000e+001
  7.0500000e+001
  6.5400000e+001
  7.8600000e+001
  7.5000000e+001
  7.3000000e+001
  6.5700000e+001
  8.8100000e+001
  8.4700000e+001
  8.9900000e+001
  8.8600000e+001
  1.2920000e+002
  7.7900000e+001
  8.0000000e+001
  7.5100000e+001
  9.3800000e+001
  8.3200000e+001
  8.4600000e+001
  5.2300000e+001
  8.1600000e+001
  1.0120000e+002
  9.8900000e+001
  1.0600000e+002
  7.0300000e+001
  6.5900000e+001
  7.5500000e+001
  5.6600000e+001
  6.0000000e+001
  6.3300000e+001
  6.7200000e+001
  6.1000000e+001
  7.6900000e+001
  6.7500000e+001
  7.1500000e+001
  4.7800000e+001
  6.8900000e+001
  5.7700000e+001
  6.7900000e+001
  4.7200000e+001
  7.0700000e+001
  2.9000000e+001
  5.7400000e+001
  5.2000000e+001
  4.3800000e+001
  2.7700000e+001
  4.9000000e+001
  4.5000000e+001
  2.7200000e+001
  6.1300000e+001
  2.8700000e+001
  3.8000000e+001
  4.2600000e+001
  4.0600000e+001
  2.9400000e+001
  2.9100000e+001
  3.1000000e+001
  2.0000000e+001
  1.1300000e+001
  2.7600000e+001
  2.1800000e+001
  4.8100000e+001
  1.4300000e+001
  8.4000000e+000
  3.3300000e+001
  3.0200000e+001
  3.6400000e+001
  3.8300000e+001
  1.4500000e+001
  2.5800000e+001
  2.2300000e+001
  9.0000000e+000
  3.1400000e+001
  3.4800000e+001
  3.4400000e+001
  3.0900000e+001
  1.2600000e+001
  1.9500000e+001
  9.2000000e+000
  1.8100000e+001
  1.4200000e+001
  7.7000000e+000
  2.0500000e+001
  1.3500000e+001
  2.9000000e+000
  8.4000000e+000
  1.3000000e+001
  7.8000000e+000
  1.0500000e+001
  9.4000000e+000
  1.3200000e+001
  8.6000000e+000
  1.6000000e+001
  1.5200000e+001
  1.2100000e+001
  8.3000000e+000
  4.3000000e+000
  8.3000000e+000
  1.2900000e+001
  4.5000000e+000
  3.0000000e-001
  2.0000000e-001
  2.4000000e+000
  4.5000000e+000
  0.0000000e+000
  1.0200000e+001
  5.8000000e+000
  7.0000000e-001
  1.0000000e+000
  6.0000000e-001
  3.7000000e+000
  3.8000000e+000
  0.0000000e+000
  5.5000000e+000
  0.0000000e+000
  1.2400000e+001
  0.0000000e+000
  2.8000000e+000
  1.4000000e+000
  9.0000000e-001
  2.3000000e+000
  7.6000000e+000
  1.6300000e+001
  1.0300000e+001
  1.1000000e+000
  8.3000000e+000
  1.7000000e+001
  1.3500000e+001
  2.6100000e+001
  1.4600000e+001
  1.6300000e+001
  2.7900000e+001
  2.8800000e+001
  1.1100000e+001
  3.8900000e+001
  4.4500000e+001
  4.5600000e+001
  3.1600000e+001
  2.4500000e+001
  3.7200000e+001
  4.3000000e+001
  3.9500000e+001
  4.1900000e+001
  5.0600000e+001
  5.8200000e+001
  3.0100000e+001
  5.4200000e+001
  3.8000000e+001
  5.4600000e+001
  5.4800000e+001
  8.5800000e+001
  5.6500000e+001
  3.9300000e+001
  4.8000000e+001
  4.9000000e+001
  7.3000000e+001
  5.8800000e+001
  5.5000000e+001
  7.8700000e+001
  1.0720000e+002
  5.5500000e+001
  4.5500000e+001
  3.1300000e+001
  6.4500000e+001
  5.5300000e+001
  5.7700000e+001
  6.3200000e+001
  1.0360000e+002
  4.7700000e+001
  5.6100000e+001
  1.7800000e+001
  3.8900000e+001
  6.4700000e+001
  7.6400000e+001
  1.0820000e+002
  6.0700000e+001
  5.2600000e+001
  4.2900000e+001
  4.0400000e+001
  4.9700000e+001
  5.4300000e+001
  8.5000000e+001
  6.5400000e+001
  6.1500000e+001
  4.7300000e+001
  3.9200000e+001
  3.3900000e+001
  2.8700000e+001
  5.7600000e+001
  4.0800000e+001
  4.8100000e+001
  3.9500000e+001
  9.0500000e+001
  8.6900000e+001
  3.2300000e+001
  4.5500000e+001
  3.9500000e+001
  5.6700000e+001
  4.6600000e+001
  6.6300000e+001
  3.2300000e+001
  3.6000000e+001
  2.2600000e+001
  3.5800000e+001
  2.3100000e+001
  3.8800000e+001
  5.8400000e+001
  5.5800000e+001
  5.4200000e+001
  2.6400000e+001
  3.1500000e+001
  2.1400000e+001
  8.4000000e+000
  2.2200000e+001
  1.2300000e+001
  1.4100000e+001
  1.1500000e+001
  2.6200000e+001
  3.8300000e+001
  4.9000000e+000
  5.8000000e+000
  3.4000000e+000
  9.0000000e+000
  7.8000000e+000
  1.6500000e+001
  9.0000000e+000
  2.2000000e+000
  3.5000000e+000
  4.0000000e+000
  4.0000000e+000
  2.6000000e+000
  4.2000000e+000
  2.2000000e+000
  3.0000000e-001
  0.0000000e+000
  4.9000000e+000
  4.5000000e+000
  4.4000000e+000
  4.1000000e+000
  3.0000000e+000
  3.0000000e-001
  9.5000000e+000
  4.6000000e+000
  1.1000000e+000
  6.4000000e+000
  2.3000000e+000
  2.9000000e+000
  5.0000000e-001
  9.0000000e-001
  0.0000000e+000
  0.0000000e+000
  1.7000000e+000
  2.0000000e-001
  1.2000000e+000
  3.1000000e+000
  7.0000000e-001
  3.8000000e+000
  2.8000000e+000
  2.6000000e+000
  3.1000000e+000
  1.7300000e+001
  5.2000000e+000
  1.1400000e+001
  5.4000000e+000
  7.7000000e+000
  1.2700000e+001
  8.2000000e+000
  1.6400000e+001
  2.2300000e+001
  2.3000000e+001
  4.2300000e+001
  3.8800000e+001
  4.1300000e+001
  3.3000000e+001
  6.8800000e+001
  7.1600000e+001
  6.9600000e+001
  4.9500000e+001
  5.3500000e+001
  4.2500000e+001
  3.4500000e+001
  4.5300000e+001
  5.5400000e+001
  6.7000000e+001
  7.1800000e+001
  7.4500000e+001
  6.7700000e+001
  5.3500000e+001
  3.5200000e+001
  4.5100000e+001
  5.0700000e+001
  6.5600000e+001
  5.3000000e+001
  7.4700000e+001
  7.1900000e+001
  9.4800000e+001
  7.4700000e+001
  1.1410000e+002
  1.1490000e+002
  1.1980000e+002
  1.5450000e+002
  1.2940000e+002
  7.2200000e+001
  9.6400000e+001
  1.2930000e+002
  9.6000000e+001
  6.5300000e+001
  7.2200000e+001
  8.0500000e+001
  7.6700000e+001
  5.9400000e+001
  1.0760000e+002
  1.0170000e+002
  7.9900000e+001
  8.5000000e+001
  8.3400000e+001
  5.9200000e+001
  4.8100000e+001
  7.9500000e+001
  6.6500000e+001
  5.1800000e+001
  8.8100000e+001
  1.1120000e+002
  6.4700000e+001
  6.9000000e+001
  5.4700000e+001
  5.2800000e+001
  4.2000000e+001
  3.4900000e+001
  5.1100000e+001
  5.3900000e+001
  7.0200000e+001
  1.4800000e+001
  3.3300000e+001
  3.8700000e+001
  2.7500000e+001
  1.9200000e+001
  3.6300000e+001
  4.9600000e+001
  2.7200000e+001
  2.9900000e+001
  3.1500000e+001
  2.8300000e+001
  2.6700000e+001
  3.2400000e+001
  2.2200000e+001
  3.3700000e+001
  4.1900000e+001
  2.2800000e+001
  1.7800000e+001
  1.8200000e+001
  1.7800000e+001
  2.0300000e+001
  1.1800000e+001
  2.6400000e+001
  5.4700000e+001
  1.1000000e+001
  8.0000000e+000
  5.8000000e+000
  1.0900000e+001
  6.5000000e+000
  4.7000000e+000
  6.2000000e+000
  7.4000000e+000
  1.7500000e+001
  4.5000000e+000
  1.5000000e+000
  3.3000000e+000
  6.1000000e+000
  3.2000000e+000
  9.1000000e+000
  3.5000000e+000
  5.0000000e-001
  1.3200000e+001
  1.1600000e+001
  1.0000000e+001
  2.8000000e+000
  5.0000000e-001
  5.1000000e+000
  1.8000000e+000
  1.1300000e+001
  2.0800000e+001
  2.4000000e+001
  2.8100000e+001
  1.9300000e+001
  2.5100000e+001
  2.5600000e+001
  2.2500000e+001
  1.6500000e+001
  5.5000000e+000
  2.3200000e+001
  1.8000000e+001
  3.1700000e+001
  4.2800000e+001
  4.7500000e+001
  3.8500000e+001
  3.7900000e+001
  6.0200000e+001
  6.9200000e+001
  5.8600000e+001
  9.8600000e+001
  7.1800000e+001
  6.9900000e+001
  6.2500000e+001
  3.8500000e+001
  6.4300000e+001
  7.3500000e+001
  5.2300000e+001
  6.1600000e+001
  6.0800000e+001
  7.1500000e+001
  6.0500000e+001
  7.9400000e+001
  8.1600000e+001
  9.3000000e+001
  6.9600000e+001
  9.3500000e+001
  7.9100000e+001
  5.9100000e+001
  5.4900000e+001
  5.3800000e+001
  6.8400000e+001
  6.3100000e+001
  6.7200000e+001
  4.5200000e+001
  8.3500000e+001
  7.3500000e+001
  8.5500000e+001
  8.0600000e+001
  7.7000000e+001
  9.1400000e+001
  9.8000000e+001
  8.3800000e+001
  8.9700000e+001
  6.1400000e+001
  5.0300000e+001
  5.9000000e+001
  6.8900000e+001
  6.2800000e+001
  5.0200000e+001
  5.2800000e+001
  5.8200000e+001
  7.1900000e+001
  7.0200000e+001
  6.5800000e+001
  3.4400000e+001
  5.4000000e+001
  8.1100000e+001
  1.0800000e+002
  6.5300000e+001
  4.9900000e+001
  3.5000000e+001
  3.8200000e+001
  3.6800000e+001
  2.8800000e+001
  2.1900000e+001
  2.4900000e+001
  3.2100000e+001
  3.4400000e+001
  3.5600000e+001
  2.5800000e+001
  1.4600000e+001
  4.3100000e+001
  3.0000000e+001
  3.1200000e+001
  2.4600000e+001
  1.5300000e+001
  1.7400000e+001
  1.3000000e+001
  1.9000000e+001
  1.0000000e+001
  1.8700000e+001
  1.7800000e+001
  1.2100000e+001
  1.0600000e+001
  1.1200000e+001
  1.1200000e+001
  1.7900000e+001
  2.2200000e+001
  9.6000000e+000
  6.8000000e+000
  4.0000000e+000
  8.9000000e+000
  8.2000000e+000
  1.1000000e+001
  1.2300000e+001
  2.2200000e+001
  1.0100000e+001
  2.9000000e+000
  3.2000000e+000
  5.2000000e+000
  2.8000000e+000
  2.0000000e-001
  5.1000000e+000
  3.0000000e+000
  6.0000000e-001
  3.0000000e-001
  3.4000000e+000
  7.8000000e+000
  4.3000000e+000
  1.1300000e+001
  1.9700000e+001
  6.7000000e+000
  9.3000000e+000
  8.3000000e+000
  4.0000000e+000
  5.7000000e+000
  8.7000000e+000
  1.5400000e+001
  1.8600000e+001
  2.0500000e+001
  2.3100000e+001
  1.2200000e+001
  2.7300000e+001
  4.5700000e+001
  3.3900000e+001
  3.0100000e+001
  4.2100000e+001
  5.3200000e+001
  6.4200000e+001
  6.1500000e+001
  6.2800000e+001
  7.4300000e+001
  7.7100000e+001
  7.4900000e+001
  5.4600000e+001
  7.0000000e+001
  5.2300000e+001
  8.7000000e+001
  7.6000000e+001
  8.9000000e+001
  1.1540000e+002
  1.2340000e+002
  1.3250000e+002
  1.2850000e+002
  8.3900000e+001
  1.0930000e+002
  1.1670000e+002
  1.3030000e+002
  1.4510000e+002
  1.3770000e+002
  1.0070000e+002
  1.2490000e+002
  7.4400000e+001
  8.8800000e+001
  9.8400000e+001
  1.1920000e+002
  8.6500000e+001
  1.0100000e+002
  1.2740000e+002
  9.7500000e+001
  1.6530000e+002
  1.1570000e+002
  8.9600000e+001
  9.9100000e+001
  1.2220000e+002
  9.2700000e+001
  8.0300000e+001
  7.7400000e+001
  6.4600000e+001
  1.0910000e+002
  1.1830000e+002
  1.0100000e+002
  9.7600000e+001
  1.0580000e+002
  1.1260000e+002
  8.8100000e+001
  6.8100000e+001
  4.2100000e+001
  5.0500000e+001
  5.9400000e+001
  8.3300000e+001
  6.0700000e+001
  5.4400000e+001
  8.3900000e+001
  6.7500000e+001
  1.0550000e+002
  6.6500000e+001
  5.5000000e+001
  5.8400000e+001
  6.8300000e+001
  4.5600000e+001
  4.4500000e+001
  4.6400000e+001
  3.2800000e+001
  2.9500000e+001
  5.9800000e+001
  6.6900000e+001
  6.0000000e+001
  6.5900000e+001
  4.6300000e+001
  3.8400000e+001
  3.3700000e+001
  3.5600000e+001
  5.2800000e+001
  5.4200000e+001
  6.0700000e+001
  2.5000000e+001
  1.1400000e+001
  1.7700000e+001
  2.0200000e+001
  1.7200000e+001
  1.9200000e+001
  3.0700000e+001
  2.2500000e+001
  1.2500000e+001
  2.8900000e+001
  2.7400000e+001
  2.6100000e+001
  1.4100000e+001
  7.6000000e+000
  1.3200000e+001
  1.9400000e+001
  1.0000000e+001
  7.8000000e+000
  1.0200000e+001
  1.8800000e+001
  3.7000000e+000
  5.0000000e-001
  1.1000000e+001
  3.0000000e-001
  2.5000000e+000
  5.0000000e+000
  5.0000000e+000
  1.6700000e+001
  1.4300000e+001
  1.6900000e+001
  1.0800000e+001
  2.8400000e+001
  1.8500000e+001
  1.2700000e+001
  2.1700000e+001
  3.2000000e+001
  3.0600000e+001
  3.6200000e+001
  4.2600000e+001
  2.5900000e+001
  3.4900000e+001
  6.8800000e+001
  4.6000000e+001
  2.7400000e+001
  4.7600000e+001
  8.6200000e+001
  7.6600000e+001
  7.5700000e+001
  8.4900000e+001
  7.3500000e+001
  1.1620000e+002
  1.0720000e+002
  9.4400000e+001
  1.0230000e+002
  1.2380000e+002
  1.2170000e+002
  1.1570000e+002
  1.3340000e+002
  1.2980000e+002
  1.4980000e+002
  2.0130000e+002
  1.6390000e+002
  1.5790000e+002
  1.8880000e+002
  1.6940000e+002
  1.6360000e+002
  1.2800000e+002
  1.1650000e+002
  1.0850000e+002
  8.6100000e+001
  9.4800000e+001
  1.8970000e+002
  1.7400000e+002
  1.6780000e+002
  1.4220000e+002
  1.5790000e+002
  1.4330000e+002
  1.3630000e+002
  9.5800000e+001
  1.3800000e+002
  1.1910000e+002
  1.8230000e+002
  1.5750000e+002
  1.4700000e+002
  1.0620000e+002
  1.2170000e+002
  1.2580000e+002
  1.2380000e+002
  1.4530000e+002
  1.3160000e+002
  1.4350000e+002
  1.1760000e+002
  1.0160000e+002
  9.4800000e+001
  1.0970000e+002
  1.1340000e+002
  1.0620000e+002
  8.3600000e+001
  9.1000000e+001
  8.5200000e+001
  5.1300000e+001
  6.1400000e+001
  5.4800000e+001
  5.4100000e+001
  5.9900000e+001
  5.9900000e+001
  5.5900000e+001
  9.2900000e+001
  1.0850000e+002
  1.0060000e+002
  6.1500000e+001
  6.1000000e+001
  8.3100000e+001
  5.1600000e+001
  5.2400000e+001
  4.5800000e+001
  4.0700000e+001
  2.2700000e+001
  2.2000000e+001
  2.9100000e+001
  2.3400000e+001
  3.6400000e+001
  3.9300000e+001
  5.4900000e+001
  2.8200000e+001
  2.3800000e+001
  2.2100000e+001
  3.4300000e+001
  2.6500000e+001
  3.9000000e+000
  1.0000000e+001
  2.7800000e+001
  1.2500000e+001
  2.1800000e+001
  8.6000000e+000
  2.3500000e+001
  1.9300000e+001
  8.2000000e+000
  1.6000000e+000
  2.5000000e+000
  2.0000000e-001
  5.0000000e-001
  1.0900000e+001
  1.8000000e+000
  8.0000000e-001
  2.0000000e-001
  4.8000000e+000
  8.4000000e+000
  1.5000000e+000
  7.0000000e+000
  9.2000000e+000
  7.6000000e+000
  2.3100000e+001
  2.0800000e+001
  4.9000000e+000
  1.1300000e+001
  2.8900000e+001
  3.1700000e+001
  2.6700000e+001
  4.0700000e+001
  4.2700000e+001
  5.8500000e+001
  8.9200000e+001
  7.6900000e+001
  7.3600000e+001
  1.2400000e+002
  1.1840000e+002
  1.1070000e+002
  1.3660000e+002
  1.1660000e+002
  1.2910000e+002
  1.6960000e+002
  1.7320000e+002
  1.5530000e+002
  2.0130000e+002
  1.9210000e+002
  1.6500000e+002
  1.3030000e+002
  1.5740000e+002
  1.7520000e+002
  1.6460000e+002
  2.0070000e+002
  1.8720000e+002
  1.5800000e+002
  2.3580000e+002
  2.5380000e+002
  2.1090000e+002
  2.3940000e+002
  2.0250000e+002
  1.6490000e+002
  1.9070000e+002
  1.9600000e+002
  1.7530000e+002
  1.7150000e+002
  1.9140000e+002
  2.0020000e+002
  2.0120000e+002
  1.8150000e+002
  1.5230000e+002
  1.8760000e+002
  2.1740000e+002
  1.4310000e+002
  1.8570000e+002
  1.6330000e+002
  1.7200000e+002
  1.6870000e+002
  1.4960000e+002
  1.9960000e+002
  1.4520000e+002
  1.1140000e+002
  1.2400000e+002
  1.2500000e+002
  1.4630000e+002
  1.0600000e+002
  1.0220000e+002
  1.2200000e+002
  1.1960000e+002
  1.1020000e+002
  1.2170000e+002
  1.3410000e+002
  1.2720000e+002
  8.2800000e+001
  8.9600000e+001
  8.5600000e+001
  5.7900000e+001
  4.6100000e+001
  5.3000000e+001
  6.1400000e+001
  5.1000000e+001
  7.7400000e+001
  7.0200000e+001
  5.5800000e+001
  6.3600000e+001
  3.7700000e+001
  3.2600000e+001
  3.9900000e+001
  3.8700000e+001
  5.0300000e+001
  4.5600000e+001
  4.6400000e+001
  4.3700000e+001
  4.2000000e+001
  2.1800000e+001
  2.1800000e+001
  5.1300000e+001
  3.9500000e+001
  2.6900000e+001
  2.3200000e+001
  1.9800000e+001
  2.4400000e+001
  1.7100000e+001
  2.9300000e+001
  4.3000000e+001
  3.5900000e+001
  1.9600000e+001
  3.3200000e+001
  3.8800000e+001
  3.5300000e+001
  2.3400000e+001
  1.4900000e+001
  1.5300000e+001
  1.7700000e+001
  1.6500000e+001
  8.6000000e+000
  9.5000000e+000
  9.1000000e+000
  3.1000000e+000
  9.3000000e+000
  4.7000000e+000
  6.1000000e+000
  7.4000000e+000
  1.5100000e+001
  1.7500000e+001
  1.4300000e+001
  1.1700000e+001
  6.8000000e+000
  2.4100000e+001
  1.5900000e+001
  1.1900000e+001
  8.9000000e+000
  1.6800000e+001
  2.0100000e+001
  1.5800000e+001
  1.7000000e+001
  2.8200000e+001
  2.4400000e+001
  2.5300000e+001
  4.8700000e+001
  4.5300000e+001
  4.7700000e+001
  5.6700000e+001
  5.1200000e+001
  5.0200000e+001
  5.7200000e+001
  5.7200000e+001
  7.0400000e+001
  1.1090000e+002
  9.3600000e+001
  1.1180000e+002
  6.9500000e+001
  8.6500000e+001
  6.7300000e+001
  9.1500000e+001
  1.0720000e+002
  7.6800000e+001
  8.8200000e+001
  9.4300000e+001
  1.2640000e+002
  1.2180000e+002
  1.1190000e+002
  9.2200000e+001
  8.1200000e+001
  1.2720000e+002
  1.1030000e+002
  9.6100000e+001
  1.0930000e+002
  1.1720000e+002
  1.0770000e+002
  8.6000000e+001
  1.0980000e+002
  1.0440000e+002
  1.2050000e+002
  1.3580000e+002
  1.0680000e+002
  1.2000000e+002
  1.0600000e+002
  9.6800000e+001
  9.8000000e+001
  9.1300000e+001
  9.5700000e+001
  9.3500000e+001
  9.7900000e+001
  1.1150000e+002
  1.2780000e+002
  1.0290000e+002
  1.0950000e+002
  1.2750000e+002
  1.0680000e+002
  1.1250000e+002
  9.3000000e+001
  9.9500000e+001
  8.6600000e+001
  9.5200000e+001
  8.3500000e+001
  9.1300000e+001
  7.9000000e+001
  6.0700000e+001
  7.1800000e+001
  5.7500000e+001
  4.9800000e+001
  8.1000000e+001
  6.1400000e+001
  5.0200000e+001
  5.1700000e+001
  6.3200000e+001
  8.2200000e+001
  6.1500000e+001
  8.8400000e+001
  8.0100000e+001
  6.3200000e+001
  8.0500000e+001
  8.8000000e+001
  7.6500000e+001
  7.6800000e+001
  6.4000000e+001
  6.1300000e+001
  4.1600000e+001
  4.5300000e+001
  4.3400000e+001
  4.2900000e+001
  4.6000000e+001
  5.7700000e+001
  4.2400000e+001
  3.9500000e+001
  2.3100000e+001
  2.5600000e+001
  5.9300000e+001
  3.0700000e+001
  2.3900000e+001
  2.3300000e+001
  2.7600000e+001
  2.6000000e+001
  2.1300000e+001
  4.0300000e+001
  3.9500000e+001
  3.6000000e+001
  5.5800000e+001
  3.3600000e+001
  4.0200000e+001
  4.7100000e+001
  2.5000000e+001
  2.0500000e+001
  1.8900000e+001
  1.1500000e+001
  1.1500000e+001
  5.1000000e+000
  9.0000000e+000
  1.1400000e+001
  2.8200000e+001
  3.9700000e+001
  1.3900000e+001
  9.1000000e+000
  1.9400000e+001
  7.8000000e+000
  8.1000000e+000
  4.3000000e+000
  2.1900000e+001
  1.8800000e+001
  1.2400000e+001
  1.2200000e+001
  1.9000000e+000
  1.6400000e+001
  1.3500000e+001
  2.0600000e+001
  5.2000000e+000
  1.5300000e+001
  1.6400000e+001
  2.3100000e+001
  8.7000000e+000
  1.2900000e+001
  1.8600000e+001
  3.8500000e+001
  2.1400000e+001
  3.0100000e+001
  4.4000000e+001
  4.3800000e+001
  2.9100000e+001
  4.3200000e+001
  5.1900000e+001
  9.3600000e+001
  7.6500000e+001
  9.9700000e+001
  8.2700000e+001
  9.5100000e+001
  7.0400000e+001
  5.8100000e+001
  1.3820000e+002
  1.2510000e+002
  9.7900000e+001
  1.2270000e+002
  1.6660000e+002
  1.3750000e+002
  1.3800000e+002
  1.0150000e+002
  1.3440000e+002
  1.4950000e+002
  1.5940000e+002
  1.4220000e+002
  1.8840000e+002
  1.8620000e+002
  1.8330000e+002
  1.7630000e+002
  1.5960000e+002
  1.5500000e+002
  1.2620000e+002
  1.6410000e+002
  1.7990000e+002
  1.5730000e+002
  1.3630000e+002
  1.3540000e+002
  1.5500000e+002
  1.6470000e+002
  1.4790000e+002
  1.7440000e+002
  1.1400000e+002
  1.4130000e+002
  1.3550000e+002
  1.5640000e+002
  1.2750000e+002
  9.0900000e+001
  1.4380000e+002
  1.5870000e+002
  1.6730000e+002
  1.6240000e+002
  1.3750000e+002
  1.5010000e+002
  1.1120000e+002
  1.6360000e+002
  1.5380000e+002
  1.2200000e+002
  8.2200000e+001
  1.1040000e+002
  1.0610000e+002
  1.0760000e+002
  1.1880000e+002
  9.4700000e+001
  9.8100000e+001
  1.2700000e+002
  8.4300000e+001
  5.1000000e+001
  6.6500000e+001
  8.0700000e+001
  9.9200000e+001
  9.1100000e+001
  8.2200000e+001
  7.1800000e+001
  5.0300000e+001
  5.5800000e+001
  3.3400000e+001
  3.3400000e+001
  5.7000000e+001
  8.5400000e+001
  8.3500000e+001
  6.9700000e+001
  7.6400000e+001
  4.6100000e+001
  3.7400000e+001
  2.5500000e+001
  1.5700000e+001
  1.2000000e+001
  2.2800000e+001
  1.8700000e+001
  1.6500000e+001
  1.5900000e+001
  1.7200000e+001
  1.6200000e+001
  2.7500000e+001
  2.4200000e+001
  3.0700000e+001
  1.1100000e+001
  3.9000000e+000
  1.8600000e+001
  1.6200000e+001
  1.7300000e+001
  2.5000000e+000
  2.3200000e+001
  1.5100000e+001
  1.8500000e+001
  1.3700000e+001
  1.1000000e+000
  1.8100000e+001
  7.4000000e+000
  3.8000000e+000
  3.5500000e+001
  1.4700000e+001
  6.7000000e+000
  1.0400000e+001
  2.4000000e+000
  1.4800000e+001
  3.9300000e+001
  3.0600000e+001
  1.7500000e+001
  3.3000000e+001
  3.8600000e+001
  3.3500000e+001
  6.0500000e+001
  3.9900000e+001
  2.7100000e+001
  5.9000000e+001
  4.0000000e+001
  7.6200000e+001
  8.8000000e+001
  6.0100000e+001
  1.0180000e+002
  1.1380000e+002
  1.1160000e+002
  1.2010000e+002
  1.2510000e+002
  1.2510000e+002
  1.7920000e+002
  1.6130000e+002
  1.6510000e+002
  1.3140000e+002
  1.3060000e+002
  1.3850000e+002
  1.9620000e+002
  1.2690000e+002
  1.6890000e+002
  1.7670000e+002
  1.5940000e+002
  1.7300000e+002
  1.6550000e+002
  1.7730000e+002
  1.3050000e+002
  1.4030000e+002
  1.4030000e+002
  1.3220000e+002
  1.0540000e+002
  1.4940000e+002
  2.0030000e+002
  1.2520000e+002
  1.4550000e+002
  1.3140000e+002
  1.2970000e+002
  1.3690000e+002
  1.6750000e+002
  1.4190000e+002
  1.4000000e+002
  1.2130000e+002
  1.6970000e+002
  1.7370000e+002
  1.7630000e+002
  1.2530000e+002
  1.4410000e+002
  1.0820000e+002
  1.4440000e+002
  1.5000000e+002
  1.6110000e+002
  1.0670000e+002
  9.9800000e+001
  7.3800000e+001
  6.5200000e+001
  8.5700000e+001
  6.4500000e+001
  6.3900000e+001
  8.8700000e+001
  9.1800000e+001
  8.2600000e+001
  5.9300000e+001
  9.1000000e+001
  6.9800000e+001
  6.2200000e+001
  6.1300000e+001
  4.9800000e+001
  5.7900000e+001
  4.2200000e+001
  2.2400000e+001
  5.6400000e+001
  3.5600000e+001
  4.8900000e+001
  5.7800000e+001
  3.5500000e+001
  3.1700000e+001
  1.6100000e+001
  1.7800000e+001
  2.8000000e+001
  3.5100000e+001
  2.2500000e+001
  2.5700000e+001
  4.3800000e+001
  1.8000000e+001
  2.6700000e+001
  2.4200000e+001
  2.9900000e+001
  3.1100000e+001
  1.4000000e+001
  1.4500000e+001
  1.5600000e+001
  1.4500000e+001
  1.4300000e+001
  1.1800000e+001
  2.1100000e+001
  9.0000000e+000
  1.0000000e+001
  1.1500000e+001
  4.4000000e+000
  9.2000000e+000
  4.8000000e+000
  5.5000000e+000
  1.1800000e+001
  8.2000000e+000
  1.4400000e+001
  1.6000000e+000
  9.0000000e-001
  1.7900000e+001
  1.3300000e+001
  5.7000000e+000
  7.6000000e+000
  8.7000000e+000
  1.5500000e+001
  1.8500000e+001
  1.2700000e+001
  1.0400000e+001
  2.4400000e+001
  5.1300000e+001
  2.2800000e+001
  3.9000000e+001
  4.1200000e+001
  3.1900000e+001
  4.0300000e+001
  5.4800000e+001
  5.3400000e+001
  5.6300000e+001
  7.0600000e+001
  6.6200000e+001
  9.1700000e+001
  9.2900000e+001
  5.5600000e+001
  7.3600000e+001
  8.1600000e+001
  6.2000000e+001
  6.6300000e+001
  6.8800000e+001
  6.3700000e+001
  1.0640000e+002
  1.3760000e+002
  1.1350000e+002
  9.3800000e+001
  7.1400000e+001
  1.1670000e+002
  1.3320000e+002
  8.4600000e+001
  9.0100000e+001
  1.1290000e+002
  1.3850000e+002
  1.2550000e+002
  1.2160000e+002
  1.2490000e+002
  1.6910000e+002
  1.3050000e+002
  1.0990000e+002
  1.0010000e+002
  1.0650000e+002
  1.0450000e+002
  9.5100000e+001
  8.0100000e+001
