%
% Title: Xerox share prices
%
13.5900
13.8200
14.0700
14.1200
14.1600
13.9600
14.0300
13.7500
13.7500
13.6800
13.5200
13.4300
13.6800
13.3900
13.6300
13.9500
15.1500
14.7800
14.7900
14.6400
14.7300
14.3400
14.2700
14.5000
15.1300
15.0600
15.0000
15.0300
15.2600
15.0500
15.3000
15.2600
14.6900
14.4100
14.2300
13.9300
14.1000
14.1500
14.1400
14.2800
14.2100
14.2400
14.2500
14.1800
13.9500
13.8000
13.9000
13.7600
14.0700
13.8000
13.8900
14.1400
14.2800
14.0800
13.7400
13.9000
13.8500
14.2100
14.2500
14.4500
14.6300
14.5700
14.8500
14.9200
14.9600
14.8400
14.9200
14.7700
14.8500
14.3100
14.4300
14.0000
13.9800
14.1200
13.9400
13.9800
14.4100
13.1800
13.5600
13.4400
13.4700
13.4300
13.4300
13.5900
13.3400
13.4300
13.0500
12.9600
12.8000
13.1000
12.8400
12.8300
12.8500
12.6600
12.9400
13.0500
13.1400
13.3500
13.2800
13.4300
13.6300
13.7200
13.5400
13.4000
13.3800
13.2000
13.4000
13.7700
13.7400
13.9000
14.1200
14.2000
14.4300
14.1600
14.1300
14.2200
14.3000
14.6800
14.8500
14.5400
14.4700
14.3000
14.3900
14.5000
14.2100
14.1500
13.7600
13.8400
13.6000
13.6500
13.6200
13.8100
13.6900
13.5900
13.2900
13.2600
13.2900
13.1000
13.3100
13.8000
13.6800
13.6100
13.4900
13.7200
13.8600
