%
% Title: Xerox Share Prices
% Description: Xerox daily closing prices, Jan 3rd, 2000 to Dec. 31st 2003 (inclusive).
%
   2.4187500e+01
   2.3062500e+01
   2.3500000e+01
   2.3750000e+01
   2.4312500e+01
   2.3750000e+01
   2.3500000e+01
   2.3437500e+01
   2.4062500e+01
   2.3562500e+01
   2.3625000e+01
   2.3812500e+01
   2.2875000e+01
   2.2125000e+01
   2.1750000e+01
   2.1937500e+01
   2.2000000e+01
   2.1437500e+01
   2.0500000e+01
   2.0875000e+01
   2.0812500e+01
   2.0937500e+01
   2.1750000e+01
   2.2000000e+01
   2.1687500e+01
   2.1750000e+01
   2.1625000e+01
   2.0625000e+01
   2.0250000e+01
   2.2000000e+01
   2.2250000e+01
   2.1625000e+01
   2.0875000e+01
   2.1000000e+01
   2.0937500e+01
   2.0625000e+01
   2.0375000e+01
   2.0125000e+01
   2.0750000e+01
   2.1750000e+01
   2.1562500e+01
   2.1187500e+01
   2.0937500e+01
   2.1500000e+01
   2.0687500e+01
   2.1250000e+01
   2.2375000e+01
   2.4250000e+01
   2.4500000e+01
   2.3562500e+01
   2.5750000e+01
   2.5625000e+01
   2.5812500e+01
   2.6000000e+01
   2.8187500e+01
   2.7000000e+01
   2.6875000e+01
   2.6812500e+01
   2.6875000e+01
   2.6750000e+01
   2.6750000e+01
   2.6562500e+01
   2.6000000e+01
   2.5000000e+01
   2.5375000e+01
   2.5500000e+01
   2.7500000e+01
   2.7750000e+01
   2.7125000e+01
   2.6562500e+01
   2.6625000e+01
   2.5687500e+01
   2.4312500e+01
   2.4875000e+01
   2.5000000e+01
   2.5750000e+01
   2.4937500e+01
   2.4125000e+01
   2.6687500e+01
   2.8000000e+01
   2.7062500e+01
   2.6500000e+01
   2.7062500e+01
   2.6750000e+01
   2.6750000e+01
   2.6750000e+01
   2.7750000e+01
   2.8125000e+01
   2.8000000e+01
   2.7500000e+01
   2.5500000e+01
   2.7000000e+01
   2.6625000e+01
   2.7250000e+01
   2.7125000e+01
   2.6812500e+01
   2.6000000e+01
   2.5625000e+01
   2.5625000e+01
   2.5750000e+01
   2.6000000e+01
   2.5437500e+01
   2.6750000e+01
   2.7125000e+01
   2.7500000e+01
   2.7562500e+01
   2.7375000e+01
   2.6062500e+01
   2.6500000e+01
   2.6375000e+01
   2.5875000e+01
   2.5875000e+01
   2.6250000e+01
   2.5625000e+01
   2.5312500e+01
   2.0500000e+01
   2.0750000e+01
   2.0937500e+01
   2.0375000e+01
   2.0250000e+01
   2.0000000e+01
   1.9875000e+01
   1.9187500e+01
   1.9937500e+01
   1.9562500e+01
   2.0750000e+01
   2.0375000e+01
   2.0000000e+01
   1.9687500e+01
   2.0250000e+01
   2.0375000e+01
   2.0125000e+01
   1.9812500e+01
   2.0000000e+01
   2.0062500e+01
   1.9875000e+01
   1.9187500e+01
   1.8875000e+01
   1.9375000e+01
   1.8937500e+01
   1.8812500e+01
   1.8187500e+01
   1.4937500e+01
   1.4812500e+01
   1.4812500e+01
   1.4875000e+01
   1.5375000e+01
   1.5250000e+01
   1.5125000e+01
   1.5500000e+01
   1.6062500e+01
   1.6937500e+01
   1.6312500e+01
   1.7062500e+01
   1.6687500e+01
   1.6687500e+01
   1.6125000e+01
   1.6437500e+01
   1.6500000e+01
   1.6250000e+01
   1.6562500e+01
   1.6625000e+01
   1.6500000e+01
   1.6437500e+01
   1.6562500e+01
   1.7000000e+01
   1.7062500e+01
   1.6437500e+01
   1.6062500e+01
   1.6250000e+01
   1.6125000e+01
   1.6000000e+01
   1.5937500e+01
   1.5562500e+01
   1.5375000e+01
   1.5312500e+01
   1.5875000e+01
   1.6000000e+01
   1.7812500e+01
   1.6937500e+01
   1.6625000e+01
   1.6937500e+01
   1.6312500e+01
   1.6562500e+01
   1.6187500e+01
   1.5437500e+01
   1.4875000e+01
   1.5250000e+01
   1.5062500e+01
   1.5312500e+01
   1.1375000e+01
   1.0812500e+01
   1.0875000e+01
   1.0750000e+01
   1.0437500e+01
   1.0875000e+01
   1.0937500e+01
   1.1250000e+01
   1.0437500e+01
   7.7500000e+00
   7.5625000e+00
   6.7500000e+00
   7.6250000e+00
   8.3750000e+00
   9.1250000e+00
   8.8125000e+00
   8.5000000e+00
   8.0000000e+00
   8.2500000e+00
   8.5000000e+00
   8.4375000e+00
   8.5625000e+00
   8.6250000e+00
   9.5000000e+00
   9.6875000e+00
   9.8125000e+00
   9.5000000e+00
   8.8125000e+00
   8.0000000e+00
   8.5625000e+00
   8.8125000e+00
   8.6250000e+00
   8.4375000e+00
   8.3125000e+00
   7.8750000e+00
   7.1250000e+00
   7.1875000e+00
   7.3125000e+00
   7.2500000e+00
   7.0625000e+00
   6.8750000e+00
   6.9375000e+00
   6.2500000e+00
   5.0000000e+00
   4.7500000e+00
   4.6250000e+00
   4.4375000e+00
   4.7500000e+00
   5.5625000e+00
   5.5000000e+00
   5.6875000e+00
   6.3125000e+00
   6.2500000e+00
   6.3750000e+00
   6.6250000e+00
   6.0000000e+00
   4.8125000e+00
   5.0625000e+00
   4.8750000e+00
   5.0000000e+00
   5.0000000e+00
   4.6250000e+00
   5.1250000e+00
   5.2500000e+00
   6.1250000e+00
   5.9375000e+00
   6.3750000e+00
   5.8750000e+00
   7.1250000e+00
   6.8125000e+00
   7.8125000e+00
   7.3750000e+00
   7.7500000e+00
   7.4375000e+00
   7.5625000e+00
   7.0625000e+00
   7.3750000e+00
   7.5625000e+00
   7.5000000e+00
   6.8750000e+00
   7.9400000e+00
   8.0200000e+00
   8.1700000e+00
   8.4300000e+00
   8.2600000e+00
   7.9200000e+00
   7.3900000e+00
   6.9100000e+00
   7.0200000e+00
   6.9500000e+00
   6.7500000e+00
   6.8700000e+00
   7.4500000e+00
   7.2400000e+00
   7.1500000e+00
   6.9600000e+00
   6.7500000e+00
   6.5500000e+00
   6.1600000e+00
   6.1300000e+00
   6.0700000e+00
   6.0400000e+00
   5.7400000e+00
   6.7000000e+00
   6.7600000e+00
   6.9100000e+00
   7.3200000e+00
   7.0300000e+00
   6.7000000e+00
   6.1700000e+00
   5.6500000e+00
   5.8500000e+00
   5.4500000e+00
   5.0300000e+00
   5.4100000e+00
   5.8000000e+00
   5.8800000e+00
   5.5900000e+00
   5.9400000e+00
   5.6400000e+00
   5.7200000e+00
   6.2500000e+00
   5.8200000e+00
   5.9900000e+00
   6.0000000e+00
   4.9500000e+00
   5.3000000e+00
   5.2600000e+00
   5.2000000e+00
   5.2700000e+00
   5.4400000e+00
   5.6200000e+00
   5.8100000e+00
   5.7900000e+00
   6.1400000e+00
   6.4000000e+00
   8.9000000e+00
   8.6000000e+00
   7.6000000e+00
   8.0900000e+00
   8.1800000e+00
   8.0100000e+00
   8.8200000e+00
   9.0400000e+00
   9.9000000e+00
   9.5500000e+00
   9.9200000e+00
   9.8400000e+00
   9.9200000e+00
   9.8000000e+00
   1.0000000e+01
   9.9800000e+00
   1.0140000e+01
   1.0000000e+01
   1.0650000e+01
   1.0830000e+01
   1.0870000e+01
   1.0910000e+01
   1.1350000e+01
   1.0750000e+01
   1.0550000e+01
   1.0330000e+01
   9.9900000e+00
   9.4500000e+00
   9.0300000e+00
   9.9100000e+00
   1.0600000e+01
   1.0750000e+01
   9.9900000e+00
   9.8400000e+00
   9.1500000e+00
   9.0100000e+00
   8.8000000e+00
   8.7500000e+00
   8.4100000e+00
   8.3000000e+00
   8.0000000e+00
   7.9800000e+00
   8.0100000e+00
   7.7800000e+00
   7.9000000e+00
   7.7500000e+00
   7.4700000e+00
   8.1300000e+00
   8.5900000e+00
   9.1100000e+00
   9.5700000e+00
   9.5000000e+00
   9.3700000e+00
   9.5800000e+00
   9.2000000e+00
   9.0800000e+00
   8.6000000e+00
   8.3900000e+00
   8.3400000e+00
   8.5600000e+00
   8.5100000e+00
   8.5400000e+00
   8.4800000e+00
   8.2100000e+00
   8.2200000e+00
   8.2000000e+00
   7.9900000e+00
   7.5900000e+00
   8.0000000e+00
   7.9000000e+00
   8.0800000e+00
   7.9800000e+00
   8.1300000e+00
   8.3000000e+00
   8.2500000e+00
   8.1800000e+00
   8.4500000e+00
   8.4000000e+00
   8.1500000e+00
   8.3200000e+00
   8.5400000e+00
   8.5100000e+00
   8.6400000e+00
   8.6000000e+00
   8.7600000e+00
   8.4100000e+00
   8.6500000e+00
   8.7800000e+00
   8.6100000e+00
   8.9000000e+00
   9.1400000e+00
   9.4400000e+00
   9.0600000e+00
   9.0200000e+00
   9.2000000e+00
   9.3500000e+00
   9.2900000e+00
   9.1000000e+00
   9.2200000e+00
   9.0500000e+00
   9.0000000e+00
   8.5500000e+00
   7.7000000e+00
   7.3400000e+00
   6.7200000e+00
   7.3900000e+00
   7.7000000e+00
   7.7000000e+00
   7.2800000e+00
   7.7500000e+00
   7.4400000e+00
   7.7800000e+00
   8.1400000e+00
   8.2000000e+00
   7.3600000e+00
   7.6200000e+00
   7.4500000e+00
   7.8800000e+00
   8.1400000e+00
   8.0900000e+00
   7.7700000e+00
   7.9600000e+00
   7.5000000e+00
   7.2700000e+00
   7.5900000e+00
   7.3200000e+00
   7.3000000e+00
   6.9000000e+00
   6.9700000e+00
   6.9500000e+00
   7.0000000e+00
   6.8100000e+00
   7.0000000e+00
   7.1500000e+00
   7.1200000e+00
   7.1100000e+00
   7.2100000e+00
   7.1100000e+00
   7.0900000e+00
   6.9000000e+00
   6.8700000e+00
   7.1000000e+00
   7.0200000e+00
   7.0900000e+00
   6.5800000e+00
   7.3000000e+00
   7.0000000e+00
   7.6700000e+00
   8.2200000e+00
   8.2000000e+00
   8.2500000e+00
   8.1200000e+00
   8.2500000e+00
   8.4000000e+00
   8.4100000e+00
   8.6300000e+00
   8.8200000e+00
   8.6900000e+00
   8.7800000e+00
   8.4500000e+00
   8.5100000e+00
   8.5800000e+00
   8.6600000e+00
   8.5500000e+00
   8.6000000e+00
   8.7100000e+00
   8.4700000e+00
   9.0300000e+00
   9.8000000e+00
   9.5100000e+00
   9.4000000e+00
   9.6200000e+00
   1.0220000e+01
   1.0420000e+01
   1.0420000e+01
   1.0400000e+01
   1.0050000e+01
   9.8800000e+00
   9.9500000e+00
   9.7600000e+00
   9.7500000e+00
   9.6700000e+00
   9.6400000e+00
   9.9500000e+00
   9.9300000e+00
   9.8000000e+00
   9.6500000e+00
   9.3600000e+00
   9.8400000e+00
   9.5800000e+00
   9.9000000e+00
   1.1240000e+01
   1.1450000e+01
   1.1220000e+01
   1.1330000e+01
   1.1080000e+01
   1.0680000e+01
   1.0980000e+01
   1.0740000e+01
   1.0520000e+01
   1.0630000e+01
   1.0660000e+01
   1.0740000e+01
   1.0610000e+01
   9.8100000e+00
   1.0000000e+01
   9.6500000e+00
   9.4900000e+00
   9.4300000e+00
   9.1000000e+00
   9.7800000e+00
   9.7300000e+00
   9.5700000e+00
   9.7100000e+00
   9.9500000e+00
   9.7900000e+00
   9.9000000e+00
   1.0120000e+01
   1.0200000e+01
   1.0770000e+01
   1.0450000e+01
   1.0140000e+01
   1.0330000e+01
   1.0080000e+01
   1.0200000e+01
   1.0540000e+01
   1.0770000e+01
   1.0740000e+01
   1.0400000e+01
   1.0700000e+01
   1.0460000e+01
   1.0530000e+01
   1.0730000e+01
   1.0750000e+01
   1.1080000e+01
   1.0700000e+01
   1.0690000e+01
   1.0820000e+01
   1.0520000e+01
   1.0400000e+01
   1.0280000e+01
   9.9400000e+00
   9.7000000e+00
   9.6000000e+00
   9.5800000e+00
   9.7000000e+00
   9.5900000e+00
   9.2500000e+00
   9.4400000e+00
   9.1900000e+00
   9.5400000e+00
   9.7200000e+00
   9.5000000e+00
   9.3900000e+00
   8.6000000e+00
   8.8500000e+00
   9.0700000e+00
   7.9900000e+00
   8.0300000e+00
   7.7200000e+00
   7.5000000e+00
   7.7000000e+00
   8.1500000e+00
   8.0200000e+00
   8.2500000e+00
   8.9000000e+00
   8.6000000e+00
   8.8400000e+00
   8.8000000e+00
   8.8200000e+00
   8.8700000e+00
   8.8400000e+00
   9.3400000e+00
   9.1100000e+00
   8.8000000e+00
   8.9300000e+00
   8.9700000e+00
   8.9700000e+00
   8.7300000e+00
   8.6000000e+00
   8.6200000e+00
   8.3700000e+00
   8.1800000e+00
   8.3200000e+00
   7.8600000e+00
   7.7400000e+00
   7.8200000e+00
   7.7600000e+00
   8.1700000e+00
   8.0200000e+00
   7.6500000e+00
   7.8500000e+00
   8.9700000e+00
   8.5700000e+00
   7.8100000e+00
   7.6000000e+00
   8.0000000e+00
   6.9700000e+00
   6.8500000e+00
   6.5500000e+00
   6.0400000e+00
   6.4700000e+00
   6.2000000e+00
   6.1000000e+00
   6.1500000e+00
   6.3900000e+00
   6.4500000e+00
   6.2600000e+00
   6.3500000e+00
   6.3000000e+00
   6.3200000e+00
   5.7900000e+00
   5.9500000e+00
   5.4800000e+00
   5.3500000e+00
   6.2000000e+00
   6.3700000e+00
   6.3900000e+00
   7.1000000e+00
   6.9500000e+00
   6.5800000e+00
   6.3900000e+00
   5.8700000e+00
   6.2500000e+00
   6.5500000e+00
   6.4500000e+00
   6.2700000e+00
   5.7200000e+00
   5.8800000e+00
   6.1300000e+00
   6.4500000e+00
   6.5800000e+00
   6.9300000e+00
   6.9300000e+00
   6.7000000e+00
   6.9800000e+00
   6.8500000e+00
   7.1200000e+00
   7.0000000e+00
   6.7600000e+00
   7.0900000e+00
   7.0100000e+00
   6.7600000e+00
   6.8600000e+00
   6.9400000e+00
   6.8600000e+00
   6.9000000e+00
   6.8400000e+00
   6.9900000e+00
   6.7700000e+00
   7.1000000e+00
   7.1200000e+00
   6.9900000e+00
   7.0200000e+00
   6.6000000e+00
   6.9900000e+00
   6.6700000e+00
   5.9600000e+00
   5.6000000e+00
   5.5300000e+00
   5.2600000e+00
   4.9500000e+00
   5.0200000e+00
   5.2000000e+00
   4.9900000e+00
   4.8100000e+00
   4.6100000e+00
   4.5100000e+00
   4.3000000e+00
   4.4200000e+00
   5.0200000e+00
   5.2800000e+00
   5.8000000e+00
   5.2600000e+00
   5.8200000e+00
   5.9400000e+00
   6.9800000e+00
   6.7000000e+00
   6.4100000e+00
   6.4500000e+00
   6.4100000e+00
   6.2300000e+00
   6.0200000e+00
   6.2500000e+00
   6.6400000e+00
   7.0600000e+00
   7.1800000e+00
   7.3900000e+00
   7.6300000e+00
   7.3200000e+00
   7.2500000e+00
   7.0700000e+00
   7.2200000e+00
   7.4000000e+00
   7.5400000e+00
   7.5500000e+00
   8.0300000e+00
   8.0500000e+00
   8.2500000e+00
   8.6600000e+00
   8.2000000e+00
   8.5000000e+00
   8.6100000e+00
   8.8500000e+00
   8.7200000e+00
   8.5900000e+00
   8.1400000e+00
   8.0100000e+00
   7.9000000e+00
   8.1200000e+00
   7.7100000e+00
   8.0600000e+00
   8.3200000e+00
   8.1500000e+00
   7.7700000e+00
   8.2000000e+00
   8.1300000e+00
   8.1300000e+00
   7.7800000e+00
   8.0000000e+00
   8.0800000e+00
   8.0800000e+00
   8.1300000e+00
   7.9900000e+00
   7.8200000e+00
   8.0500000e+00
   8.1600000e+00
   8.2800000e+00
   8.4400000e+00
   8.3100000e+00
   8.2700000e+00
   8.3800000e+00
   8.6500000e+00
   8.7500000e+00
   8.9100000e+00
   9.0500000e+00
   9.2800000e+00
   8.6700000e+00
   8.5600000e+00
   8.7800000e+00
   8.6700000e+00
   8.2500000e+00
   8.0500000e+00
   9.4500000e+00
   9.3100000e+00
   9.0000000e+00
   8.8500000e+00
   8.9000000e+00
   8.7700000e+00
   8.7500000e+00
   8.7400000e+00
   8.5800000e+00
   8.6500000e+00
   8.5900000e+00
   8.4000000e+00
   8.4400000e+00
   8.5900000e+00
   9.1200000e+00
   9.2500000e+00
   8.9400000e+00
   8.9000000e+00
   8.5900000e+00
   8.7000000e+00
   8.6600000e+00
   8.7000000e+00
   9.0000000e+00
   8.6900000e+00
   8.6400000e+00
   8.5800000e+00
   8.8000000e+00
   8.7400000e+00
   8.5900000e+00
   8.5500000e+00
   8.6300000e+00
   8.8800000e+00
   8.7500000e+00
   9.0300000e+00
   9.0000000e+00
   9.0000000e+00
   9.0100000e+00
   9.0000000e+00
   8.7700000e+00
   8.8700000e+00
   9.0000000e+00
   8.9300000e+00
   8.7500000e+00
   8.7000000e+00
   8.8600000e+00
   8.9200000e+00
   8.9300000e+00
   8.9100000e+00
   9.0400000e+00
   8.7700000e+00
   8.7600000e+00
   8.7100000e+00
   8.6600000e+00
   8.9700000e+00
   8.9900000e+00
   8.9600000e+00
   9.0000000e+00
   9.3500000e+00
   9.1600000e+00
   9.9500000e+00
   9.6100000e+00
   9.4700000e+00
   9.7300000e+00
   9.8300000e+00
   9.8600000e+00
   1.0010000e+01
   1.0000000e+01
   1.0160000e+01
   1.0400000e+01
   1.0280000e+01
   1.0080000e+01
   1.0220000e+01
   1.0350000e+01
   1.0390000e+01
   1.0370000e+01
   1.0700000e+01
   1.0750000e+01
   1.0400000e+01
   1.0550000e+01
   1.0370000e+01
   1.0720000e+01
   1.0540000e+01
   1.0800000e+01
   1.0860000e+01
   1.0970000e+01
   1.0930000e+01
   1.1120000e+01
   1.0960000e+01
   1.1430000e+01
   1.1450000e+01
   1.1050000e+01
   1.0840000e+01
   1.0670000e+01
   1.0700000e+01
   1.1570000e+01
   1.1050000e+01
   1.1490000e+01
   1.1360000e+01
   1.1090000e+01
   1.0400000e+01
   1.0350000e+01
   1.0400000e+01
   1.0670000e+01
   1.0500000e+01
   1.0640000e+01
   1.0650000e+01
   1.0590000e+01
   1.0670000e+01
   1.0940000e+01
   1.0650000e+01
   1.0930000e+01
   1.0980000e+01
   1.1000000e+01
   1.0810000e+01
   1.0800000e+01
   1.1250000e+01
   1.1490000e+01
   1.0950000e+01
   1.0710000e+01
   1.0770000e+01
   1.0450000e+01
   1.0890000e+01
   1.0700000e+01
   1.0630000e+01
   1.0730000e+01
   1.1170000e+01
   1.0980000e+01
   1.0960000e+01
   1.0800000e+01
   1.0650000e+01
   1.0140000e+01
   1.0140000e+01
   1.0240000e+01
   1.0220000e+01
   1.0200000e+01
   1.0120000e+01
   1.0110000e+01
   1.0060000e+01
   1.0200000e+01
   1.0140000e+01
   1.0090000e+01
   1.0080000e+01
   1.0050000e+01
   9.9400000e+00
   9.7100000e+00
   9.5400000e+00
   1.0390000e+01
   1.0430000e+01
   1.0530000e+01
   1.0780000e+01
   1.0850000e+01
   1.0950000e+01
   1.0820000e+01
   1.0530000e+01
   1.0680000e+01
   1.0550000e+01
   1.0530000e+01
   1.0350000e+01
   1.0370000e+01
   1.0200000e+01
   1.0400000e+01
   1.0150000e+01
   1.0770000e+01
   1.0650000e+01
   1.0590000e+01
   1.0770000e+01
   1.0520000e+01
   1.0330000e+01
   1.0190000e+01
   1.0460000e+01
   1.0260000e+01
   1.0380000e+01
   1.0410000e+01
   1.0670000e+01
   1.0750000e+01
   1.0990000e+01
   1.0680000e+01
   1.0800000e+01
   1.1110000e+01
   1.1280000e+01
   1.1020000e+01
   1.1130000e+01
   1.1240000e+01
   1.1100000e+01
   1.1480000e+01
   1.1500000e+01
   1.1530000e+01
   1.1000000e+01
   1.0690000e+01
   1.0590000e+01
   1.0740000e+01
   1.0700000e+01
   1.0580000e+01
   1.0500000e+01
   1.0630000e+01
   1.0520000e+01
   1.0660000e+01
   1.0550000e+01
   1.0500000e+01
   1.0280000e+01
   1.0290000e+01
   1.0650000e+01
   1.0520000e+01
   1.0550000e+01
   1.0400000e+01
   1.0170000e+01
   1.0340000e+01
   1.0430000e+01
   1.0540000e+01
   1.0620000e+01
   1.1440000e+01
   1.1950000e+01
   1.2180000e+01
   1.2190000e+01
   1.2000000e+01
   1.2210000e+01
   1.2490000e+01
   1.2130000e+01
   1.2050000e+01
   1.1790000e+01
   1.1530000e+01
   1.2030000e+01
   1.1980000e+01
   1.1910000e+01
   1.2090000e+01
   1.2420000e+01
   1.3030000e+01
   1.3000000e+01
   1.3180000e+01
   1.3710000e+01
   1.3800000e+01
   1.3600000e+01
   1.3660000e+01
   1.3650000e+01
   1.3800000e+01
